barcode	site	site_plot	cluster	CEN	aster_fitness	start19_size	start20_size	start21_size	day19	day20	day21	size_mean	day_mean
34468	Findeln	Findeln_1	1	HH	NA	0.8475	3	5.5	NA	NA	NA	-1.577975903	NA
32345	Findeln	Findeln_1	2	HH	0.593212458	2.916	7.5	10	NA	195	186	0.069485659	-0.077665914
32751	Findeln	Findeln_1	1	HH	NA	1.3505	3.5	5.5	NA	NA	217	-1.371912141	3.622131284
33998	Findeln	Findeln_1	2	HH	0.431789069	2.6575	6.5	9	NA	191	186	-0.237311835	-0.359122107
30066	Findeln	Findeln_1	1	HH	NA	1.3375	3	3.5	NA	NA	NA	-1.66359555	NA
32971	Findeln	Findeln_1	1	HL	0.247556699	2.0365	6.5	8.5	NA	NA	196	-0.477904767	0.800273029
31605	Findeln	Findeln_1	2	HH	0.464252955	2.499	7.5	8.5	NA	NA	186	-0.22600413	-0.543468997
31867	Findeln	Findeln_1	1	HL	0.42761485	3.265	7.5	10.5	206	NA	189	0.229891448	1.117315418
33136	Findeln	Findeln_1	1	HL	NA	NA	2.5	NA	NA	NA	NA	-1.837962119	NA
32826	Findeln	Findeln_1	1	HL	NA	0.858	NA	NA	NA	NA	NA	-1.550830037	NA
34259	Findeln	Findeln_1	1	HL	NA	1.654	2	3	NA	NA	NA	-1.743361172	NA
34688	Findeln	Findeln_1	2	HH	NA	1.4845	6.5	8.5	NA	NA	NA	-0.640637501	NA
32024	Findeln	Findeln_1	2	HH	0.389951312	2.571	NA	10	NA	202	NA	0.004000019	1.373233846
30546	Findeln	Findeln_1	1	HL	0.207960764	1.7605	4	5	NA	NA	196	-1.250783915	0.800273029
31856	Findeln	Findeln_1	2	HH	0.217731708	2.5395	6.5	8	NA	NA	196	-0.387136119	0.800273029
33913	Findeln	Findeln_1	1	HH	0.005494788	1.3175	4.5	7	NA	NA	193	-1.093531895	0.397150421
32514	Findeln	Findeln_1	2	HH	0.426154215	2.4015	6.5	9	NA	NA	186	-0.312782088	-0.543468997
33774	Findeln	Findeln_1	1	HH	NA	1.525	4.5	7	NA	NA	NA	-1.032359717	NA
34088	Findeln	Findeln_1	1	HL	NA	0.746	2	NA	NA	NA	NA	-1.830588191	NA
31008	Findeln	Findeln_1	1	HH	NA	1.353	1.5	NA	NA	NA	NA	-1.648832381	NA
33829	Findeln	Findeln_1	1	HL	NA	1.4065	4.5	6.5	NA	NA	NA	-1.124812797	NA
31354	Findeln	Findeln_1	2	HH	0.003806114	1.7715	5	5	NA	NA	200	-1.13198804	1.33776984
32220	Findeln	Findeln_1	2	HH	NA	1.1125	3.5	6	NA	NA	NA	-1.384557285	NA
31899	Findeln	Findeln_1	2	HH	0.176231847	2.1975	6.5	8	NA	NA	196	-0.48795966	0.800273029
34768	Findeln	Findeln_1	2	HH	NA	1.967	4.5	7.5	NA	NA	207	-0.844537	2.278389258
32806	Findeln	Findeln_1	1	HL	NA	1.524	3.5	4.5	NA	NA	NA	-1.435800571	NA
33295	Findeln	Findeln_1	2	HH	NA	1.4555	5.5	6.5	NA	NA	NA	-0.994814307	NA
32846	Findeln	Findeln_1	1	HH	NA	1.0805	3.5	NA	NA	NA	NA	-1.422675165	NA
32554	Findeln	Findeln_1	1	HH	NA	1.8375	6	6	NA	NA	210	-0.881940639	2.681511866
32153	Findeln	Findeln_1	2	HH	0.302407473	1.661	6	8	NA	NA	186	-0.703899412	-0.543468997
31575	Findeln	Findeln_1	2	HH	NA	2.662	4.5	8	NA	NA	NA	-0.582128448	NA
30823	Findeln	Findeln_10	1	HH	0.662260314	2.862	10.05	10	NA	NA	193	0.348226334	0.397150421
34458	Findeln	Findeln_10	2	HH	1.634267931	2.9595	10.5	12	NA	191	186	0.659043171	-0.359122107
34003	Findeln	Findeln_10	2	HH	0.037222819	1.984	5	9	NA	NA	200	-0.609192976	1.33776984
32399	Findeln	Findeln_10	2	HH	0.078180732	1.829	5.5	6.5	NA	NA	193	-0.884704386	0.397150421
30953	Findeln	Findeln_10	1	HH	0.262760454	1.9195	7.75	10	NA	NA	193	-0.195399945	0.397150421
32144	Findeln	Findeln_10	2	HH	1.224381746	2.957	8.5	11.5	NA	NA	186	0.369681526	-0.543468997
32275	Findeln	Findeln_10	2	HH	0.010962041	1.3645	6	8.5	NA	NA	200	-0.733790689	1.33776984
33485	Findeln	Findeln_10	2	HH	NA	2.3975	7	NA	NA	NA	NA	-0.233633236	NA
30304	Findeln	Findeln_10	1	HL	0.651266755	1.6455	4.5	6	NA	NA	203	-1.111872847	1.740892447
33425	Findeln	Findeln_10	2	HH	0.179711857	2.0045	4	10	NA	NA	193	-0.603665258	0.397150421
30041	Findeln	Findeln_10	1	HH	0.401266528	2.0675	8.5	11.5	NA	NA	193	0.107451876	0.397150421
33126	Findeln	Findeln_10	2	HL	0.395847751	1.835	6.5	9	NA	NA	193	-0.479789504	0.397150421
33255	Findeln	Findeln_10	1	HH	0.22228799	1.5945	6.4	9.5	NA	NA	189	-0.504726964	-0.140346389
31817	Findeln	Findeln_10	2	HH	NA	1.219	NA	NA	NA	NA	NA	-1.231555489	NA
33330	Findeln	Findeln_10	2	HH	0.637589757	2.023	8.5	11	NA	NA	186	0.036814416	-0.543468997
31701	Findeln	Findeln_10	2	HH	0.229459369	1.3675	5.5	6.5	NA	NA	186	-1.020757206	-0.543468997
30709	Findeln	Findeln_10	1	HH	0.236574362	1.508	8	8.5	NA	212	189	-0.46038005	1.320084211
30838	Findeln	Findeln_11	1	HL	NA	1.5245	5	NA	NA	NA	NA	-0.966340307	NA
32996	Findeln	Findeln_11	2	HL	NA	3.584	7.5	9.5	NA	209	203	0.208897245	2.049611485
31339	Findeln	Findeln_11	1	HH	NA	1.931	7.5	6.5	NA	NA	210	-0.623528183	2.681511866
32519	Findeln	Findeln_11	1	HH	NA	1.644	NA	NA	NA	NA	NA	-0.85567825	NA
31384	Findeln	Findeln_11	1	HL	0.332006469	2.4785	8.5	7.5	NA	191	193	-0.231531848	0.111187602
30516	Findeln	Findeln_11	1	HH	NA	1.232	3.5	4	NA	NA	NA	-1.579402435	NA
33588	Findeln	Findeln_11	2	HH	2.295858258	3.6445	10	14.5	NA	NA	186	1.09080159	-0.543468997
33888	Findeln	Findeln_11	1	HL	0.240161164	2.19	6.5	7	NA	202	189	-0.605207917	0.616443728
33275	Findeln	Findeln_11	2	HL	1.537805008	3.021	10	12	NA	NA	189	0.619397214	-0.140346389
34379	Findeln	Findeln_11	1	HH	0.005699141	1.68	5	5.5	NA	NA	193	-1.101444152	0.397150421
32776	Findeln	Findeln_11	2	HH	1.566354141	3.4485	8.5	11.5	NA	206	196	0.514578516	1.368209631
31379	Findeln	Findeln_11	1	HL	0.859715569	4.103	9.5	10	NA	195	189	0.650526022	0.12389539
31919	Findeln	Findeln_11	2	HH	2.318808807	3.362	9	15	NA	188	193	0.949484581	-0.099904543
33290	Findeln	Findeln_11	2	HH	1.03613419	3.1585	9	10	NA	NA	200	0.314305554	1.33776984
34128	Findeln	Findeln_11	1	HL	0.267543682	1.856	5	6	NA	202	193	-0.992039746	0.885192133
34738	Findeln	Findeln_11	2	HH	1.543228228	2.8195	11	11.5	NA	NA	186	0.618028275	-0.543468997
32524	Findeln	Findeln_11	1	HL	0.306622206	3.0055	6.5	7.5	189	195	189	-0.30727528	0.092654302
33460	Findeln	Findeln_11	2	HH	0.48655733	2.5355	6.5	11	NA	NA	189	-0.043203699	-0.140346389
31374	Findeln	Findeln_11	2	HH	0.928932731	2.324	10.5	9.5	NA	NA	186	0.184101128	-0.543468997
34143	Findeln	Findeln_11	1	HH	NA	1.694	8	7	NA	NA	NA	-0.578102015	NA
33804	Findeln	Findeln_11	1	HH	0.225994522	2.328	7.5	8.5	NA	198	193	-0.2764159	0.60373594
30221	Findeln	Findeln_12	1	HL	NA	1.4715	NA	NA	NA	NA	NA	-1.008240188	NA
30395	Findeln	Findeln_12	1	HL	NA	0.963	NA	NA	NA	NA	NA	-1.457966249	NA
32173	Findeln	Findeln_12	2	HH	NA	2.5925	4.5	NA	NA	NA	NA	-0.580726371	NA
32761	Findeln	Findeln_12	1	HH	NA	1.7535	4.5	7	NA	NA	210	-0.96499662	2.681511866
34053	Findeln	Findeln_12	1	HL	NA	1.4445	5.5	5.5	NA	NA	NA	-1.113094383	NA
30908	Findeln	Findeln_12	1	HH	0.27965446	2.715	8	6.5	NA	NA	189	-0.334624026	-0.140346389
30933	Findeln	Findeln_12	1	HH	0.388707946	3.0445	6.5	6.5	NA	188	179	-0.410815073	-1.040523961
31510	Findeln	Findeln_12	1	HH	0.076052522	1.886	4.5	9	NA	NA	193	-0.695860439	0.397150421
30011	Findeln	Findeln_12	1	HH	0.807063235	3.2975	8.5	11	NA	NA	189	0.412544252	-0.140346389
33335	Findeln	Findeln_12	2	HL	0.37062187	3.196	8	6.5	NA	NA	200	-0.192822495	1.33776984
30783	Findeln	Findeln_12	1	HH	0.187579425	1.8465	5.5	6	NA	NA	186	-0.937063894	-0.543468997
30703	Findeln	Findeln_12	1	HL	0.282169859	2.2355	8	7.5	NA	NA	186	-0.360946134	-0.543468997
33367	Findeln	Findeln_12	2	HH	0.425701499	3.049	7	8.5	NA	195	189	-0.121637513	0.12389539
34409	Findeln	Findeln_12	2	HL	0.735673004	3.1975	8.5	9.5	NA	NA	193	0.210507862	0.397150421
34354	Findeln	Findeln_12	1	HL	0.253587261	2.4645	8	9.5	NA	195	200	-0.063361205	0.862953505
31500	Findeln	Findeln_12	1	HH	NA	1.478	6.5	7	NA	NA	NA	-0.81510956	NA
32409	Findeln	Findeln_12	2	HH	2.1143912	4.073	11	11.5	NA	188	186	0.987567192	-0.570214252
30738	Findeln	Findeln_12	1	HL	NA	1.5055	5.5	7.5	NA	NA	210	-0.865036808	2.681511866
32675	Findeln	Findeln_12	1	HH	NA	1.1175	3	4.5	NA	NA	NA	-1.613415584	NA
34483	Findeln	Findeln_12	1	HH	0.30165758	2.3515	NA	8	NA	NA	186	-0.438176393	-0.543468997
30101	Findeln	Findeln_12	1	HH	NA	1.152	2.5	3.5	NA	NA	NA	-1.776058509	NA
34123	Findeln	Findeln_12	2	HH	0.870646193	3.589	5	10.5	NA	NA	182	0.036525957	-1.080965808
32976	Findeln	Findeln_12	2	HL	NA	2.0255	6	7	NA	NA	207	-0.711479957	2.278389258
33530	Findeln	Findeln_12	2	HH	0.200195769	1.811	6.5	7	NA	195	189	-0.716939269	0.12389539
32991	Findeln	Findeln_12	2	HH	NA	1.759	7.5	7	NA	NA	203	-0.616716152	1.740892447
32134	Findeln	Findeln_12	2	HL	0.327583457	1.976	6	8	NA	NA	193	-0.611035624	0.397150421
33300	Findeln	Findeln_13	2	HH	NA	2.743	10	NA	NA	NA	NA	0.439138361	NA
30571	Findeln	Findeln_13	1	HH	0.108251758	1.531	5.5	7	NA	NA	189	-0.915037871	-0.140346389
30903	Findeln	Findeln_13	1	HH	0.349176389	2.075	6.5	10.5	NA	NA	186	-0.23648032	-0.543468997
32389	Findeln	Findeln_13	2	HH	1.493003926	3.444	10.5	10	NA	188	186	0.571802093	-0.570214252
32353	Findeln	Findeln_13	2	HL	1.172959501	3.515	8	12	203	188	186	0.533925195	0.273586529
31837	Findeln	Findeln_13	2	HL	0.582766392	2.815	8.5	11.5	NA	202	189	0.327819119	0.616443728
31879	Findeln	Findeln_13	2	HL	0.96846191	3.2125	9.5	11	NA	195	189	0.503038781	0.12389539
32736	Findeln	Findeln_13	1	HH	0.212810169	2.415	6.5	9	NA	198	193	-0.308802211	0.60373594
30496	Findeln	Findeln_13	1	HL	0.38695316	2.1475	7	7	NA	NA	207	-0.559960653	2.278389258
30863	Findeln	Findeln_13	1	HL	0.586583543	2.8905	8.5	11	NA	NA	193	0.292558341	0.397150421
30201	Findeln	Findeln_13	1	HL	0.229046333	1.992	6.5	NA	NA	NA	193	-0.499613548	0.397150421
34548	Findeln	Findeln_13	2	HH	0.403673829	2.5685	6	10	NA	195	186	-0.206288832	-0.077665914
32721	Findeln	Findeln_13	1	HH	0.236836432	2.336	7	9	NA	NA	193	-0.274315354	0.397150421
32559	Findeln	Findeln_13	1	HH	0.063263966	1.898	6	8.5	NA	NA	196	-0.57651186	0.800273029
33809	Findeln	Findeln_13	1	HH	0.425482804	3.166	7.5	10	NA	198	193	0.143187079	0.60373594
30768	Findeln	Findeln_13	1	HH	1.019464606	3.383	11	9	NA	198	179	0.496558239	-0.336883478
31640	Findeln	Findeln_13	2	HH	NA	2.352	7.5	8.5	NA	NA	203	-0.269340564	1.740892447
31964	Findeln	Findeln_13	2	HH	0.893870225	2.208	8	9	NA	NA	179	-0.196497468	-1.484088416
34678	Findeln	Findeln_13	2	HH	1.600238955	3.7155	10.5	14.5	NA	181	179	1.169509299	-1.533072299
30176	Findeln	Findeln_13	1	HH	0.000805598	2.067	5.5	7	NA	NA	203	-0.757022028	1.740892447
32017	Findeln	Findeln_13	2	HH	1.720781985	3.339	11	10.5	NA	195	186	0.65614261	-0.077665914
31737	Findeln	Findeln_13	1	HH	0.182798054	2.947	6	8	NA	NA	196	-0.324779311	0.800273029
31322	Findeln	Findeln_14	1	HL	0.354853338	2.273	8	9.5	NA	NA	193	-0.119816492	0.397150421
32921	Findeln	Findeln_14	1	HH	0.046010696	1.8555	5.5	6.5	NA	198	189	-0.876892036	0.334987535
31414	Findeln	Findeln_14	1	HH	0.666869433	3.2675	6.5	12.5	189	184	182	0.345149878	-0.736888525
33031	Findeln	Findeln_14	2	HH	0.464436219	2.4095	6	12	NA	191	193	-0.023088506	0.111187602
34648	Findeln	Findeln_14	2	HL	1.074908067	3.3865	9	9.5	NA	191	189	0.324002642	-0.157560803
30241	Findeln	Findeln_14	1	HH	0.49025843	2.326	9.5	10	NA	NA	186	0.126656334	-0.543468997
33569	Findeln	Findeln_14	2	HH	0.574030595	1.527	7	12.5	NA	184	186	-0.110182897	-0.851670445
30284	Findeln	Findeln_14	1	HH	NA	0.891	NA	NA	NA	NA	NA	-1.521644275	NA
32280	Findeln	Findeln_14	2	HH	1.206501772	3.256	9	10	NA	188	186	0.343049108	-0.570214252
33893	Findeln	Findeln_14	1	HL	0.621370459	2.17	4	5.5	NA	NA	203	-1.072542383	1.740892447
30121	Findeln	Findeln_14	1	HL	0.472473945	2.876	9	17	203	191	NA	1.03628345	0.893206437
30375	Findeln	Findeln_14	1	HL	0.352918603	2.522	9.5	12	NA	NA	196	0.414512675	0.800273029
33878	Findeln	Findeln_14	1	HL	0.358431003	2.1855	9.5	11.5	NA	195	196	0.257791958	0.594205099
32109	Findeln	Findeln_14	2	HH	1.419700317	2.9775	10.5	11.5	NA	184	182	0.606831066	-1.12041885
32610	Findeln	Findeln_14	1	HL	0.194353928	1.5735	6.5	6	NA	195	193	-0.901992832	0.392643795
31310	Findeln	Findeln_14	1	HL	0.489082236	2.5425	7	12	NA	191	196	0.131673661	0.312748906
34578	Findeln	Findeln_14	2	HH	1.357339579	3.217	10	11	NA	184	179	0.562141913	-1.321980154
33116	Findeln	Findeln_14	1	HL	0.2291216	1.767	6	7	NA	NA	196	-0.787687225	0.800273029
32931	Findeln	Findeln_14	1	HH	0.445188144	2.53	7.5	11	NA	188	189	0.070727882	-0.368652948
30778	Findeln	Findeln_14	1	HL	0.231885129	2.0955	8	9.5	NA	NA	200	-0.1721445	1.33776984
30511	Findeln	Findeln_14	1	HL	0.642013737	2.449	8	9.5	NA	NA	186	-0.067930693	-0.543468997
32831	Findeln	Findeln_14	1	HL	0.257791426	3.168	6	9.5	196	212	200	-0.087071435	1.70465492
34424	Findeln	Findeln_14	1	HH	0.227287928	1.783	7	8.5	NA	NA	189	-0.494861501	-0.140346389
30420	Findeln	Findeln_14	1	HH	1.732392691	3.331	10.5	13	199	184	189	0.883600695	0.036416987
31003	Findeln	Findeln_14	1	HH	0.421033319	4.1905	8	10	192	184	189	0.502992001	-0.285419007
32009	Findeln	Findeln_14	2	HH	1.228816916	2.5945	9	12	NA	NA	186	0.378109581	-0.543468997
34249	Findeln	Findeln_2	1	HL	NA	1.051	2	NA	NA	NA	NA	-1.695714594	NA
34563	Findeln	Findeln_2	2	HL	0.267539248	1.632	7	9	NA	NA	182	-0.481858551	-1.080965808
32650	Findeln	Findeln_2	1	HH	NA	2.6955	7	NA	NA	NA	NA	-0.101855098	NA
33196	Findeln	Findeln_2	2	HH	1.733079262	3.61	8.5	12.5	NA	NA	189	0.677226847	-0.140346389
32057	Findeln	Findeln_2	2	HH	0.072738176	1.87	4.5	9	NA	NA	196	-0.70057733	0.800273029
31464	Findeln	Findeln_2	2	HH	1.029027805	3.592	6.5	10	NA	NA	182	0.153221285	-1.080965808
34488	Findeln	Findeln_2	2	HH	1.458701609	2.3205	11.5	14.5	NA	NA	179	0.873808391	-1.484088416
31474	Findeln	Findeln_2	2	HH	0.262196642	1.7845	7.5	9	NA	NA	193	-0.379124179	0.397150421
33340	Findeln	Findeln_2	2	HH	0.263580013	1.0945	7	9.5	NA	NA	189	-0.582797995	-0.140346389
34319	Findeln	Findeln_2	2	HH	1.534333151	2.8995	8	14	NA	NA	189	0.582546729	-0.140346389
30581	Findeln	Findeln_3	1	HH	0.308941734	3.004	7.5	9.5	NA	NA	200	0.037909952	1.33776984
33814	Findeln	Findeln_3	1	HH	0.492729268	1.4915	7.5	10.5	NA	NA	179	-0.292946421	-1.484088416
31344	Findeln	Findeln_3	1	HH	1.760322799	4.015	10.5	11	NA	198	186	0.855173349	0.133426231
34118	Findeln	Findeln_3	2	HH	NA	4.4725	10	NA	NA	NA	NA	1.203937989	NA
34778	Findeln	Findeln_4	2	HH	2.377745956	1.562	12	16	NA	195	193	0.880530613	0.392643795
34339	Findeln	Findeln_4	1	HH	0.118789348	1.293	5	8.5	NA	NA	189	-0.870422307	-0.140346389
33908	Findeln	Findeln_4	1	HH	1.33706933	4.1315	NA	11.5	NA	184	182	0.952900141	-1.12041885
31023	Findeln	Findeln_4	1	HL	0.361947794	2.2965	7.5	14	NA	198	193	0.347002399	0.60373594
31685	Findeln	Findeln_4	2	HL	0.631846303	3.041	6.5	10	192	195	193	-0.009216643	0.409749617
31555	Findeln	Findeln_4	2	HH	1.340523021	2.743	10	11	NA	202	193	0.422404022	0.885192133
30611	Findeln	Findeln_4	1	HL	0.222094802	1.9195	6.5	8	NA	NA	193	-0.569915639	0.397150421
30026	Findeln	Findeln_4	1	HH	NA	0.746	NA	NA	NA	NA	NA	-1.649884745	NA
31707	Findeln	Findeln_4	2	HL	1.466857864	3.3375	14.5	10.5	NA	188	189	1.060135944	-0.368652948
31999	Findeln	Findeln_4	2	HH	1.270454441	3.0385	10	10	NA	191	182	0.394481885	-0.627870512
34503	Findeln	Findeln_4	2	HH	NA	1.053	4.5	8.5	NA	NA	NA	-0.998952175	NA
32509	Findeln	Findeln_4	2	HL	2.187163885	3.5125	9.5	11	NA	191	182	0.591480484	-0.627870512
34023	Findeln	Findeln_4	2	HH	1.235959065	2.3995	8.5	13	NA	NA	179	0.377883182	-1.484088416
34098	Findeln	Findeln_4	2	HH	1.187549363	3.1815	10	9	NA	188	186	0.321601883	-0.570214252
34324	Findeln	Findeln_4	1	HL	0.277329323	2.4005	7	8.5	NA	NA	193	-0.312818995	0.397150421
31929	Findeln	Findeln_4	2	HH	0.779497969	2.1715	10	10.5	NA	195	189	0.19640397	0.12389539
34683	Findeln	Findeln_5	2	HH	2.55752663	3.5835	11.5	13.5	NA	191	186	1.131110747	-0.359122107
30536	Findeln	Findeln_5	1	HL	0.693025193	2.6085	10.5	14	NA	198	189	0.785640807	0.334987535
34173	Findeln	Findeln_5	1	HL	NA	0.781	2	2	NA	NA	NA	-2.115763743	NA
33525	Findeln	Findeln_5	2	HH	1.222482973	2.8925	9.5	10.5	NA	188	179	0.351182357	-1.040523961
34783	Findeln	Findeln_5	2	HH	1.543556369	3.8095	9	11.5	NA	191	179	0.678779872	-0.829431816
33021	Findeln	Findeln_5	2	HL	0.652316058	2.9995	9	15.5	NA	209	196	0.90013613	1.579301775
30470	Findeln	Findeln_5	1	HL	0.348819167	2.0715	8.5	9.5	NA	NA	193	-0.12144333	0.397150421
34008	Findeln	Findeln_5	2	HH	1.223862366	3.1455	9	10.5	NA	198	193	0.367991688	0.60373594
30334	Findeln	Findeln_5	1	HL	NA	1.0235	3.5	NA	NA	NA	NA	-1.44788105	NA
34628	Findeln	Findeln_5	2	HH	1.274250899	2.5195	9.5	12	NA	188	186	0.413775661	-0.570214252
30616	Findeln	Findeln_5	1	HH	0.314201482	2.573	6.5	8	NA	NA	186	-0.377260129	-0.543468997
32594	Findeln	Findeln_5	1	HH	0.207441268	2.101	7	10.5	NA	205	196	-0.171038867	1.297845582
31580	Findeln	Findeln_5	2	HH	0.706392436	2.59	8	11.5	NA	NA	193	0.203711336	0.397150421
30596	Findeln	Findeln_5	1	HH	0.508845458	4.254	7.5	11.5	185	188	189	0.636491477	-0.41961754
34493	Findeln	Findeln_5	2	HH	1.884295591	3.969	10	11.5	NA	NA	186	0.841354389	-0.543468997
31550	Findeln	Findeln_5	2	HH	1.457293541	3.2995	9	11.5	192	188	186	0.528428976	-0.232155748
34673	Findeln	Findeln_5	2	HH	0.423442941	1.609	6	8	NA	NA	182	-0.719229308	-1.080965808
33011	Findeln	Findeln_5	2	HH	0.293401814	2.1725	7	9	NA	195	193	-0.322516082	0.392643795
33868	Findeln	Findeln_6	2	HH	0.359704686	1.9325	7	8	NA	NA	186	-0.508306659	-0.543468997
31394	Findeln	Findeln_6	2	HH	0.31213823	1.5875	6.5	8	NA	NA	186	-0.667791124	-0.543468997
34203	Findeln	Findeln_6	2	HH	0.358546125	1.6305	4.5	11.5	NA	NA	186	-0.483590254	-0.543468997
34148	Findeln	Findeln_6	1	HL	0.295775524	1.9855	6	7.5	NA	NA	200	-0.665753577	1.33776984
32682	Findeln	Findeln_6	1	HH	0.057553855	2.4075	7	8	NA	209	200	-0.368273962	1.848050181
34078	Findeln	Findeln_6	1	HH	NA	1.86	1.5	NA	NA	NA	NA	-1.424632663	NA
30081	Findeln	Findeln_6	1	HH	NA	0.428	NA	NA	NA	NA	NA	-1.931129361	NA
30868	Findeln	Findeln_6	1	HL	1.207143823	2.2315	11	11	NA	NA	186	0.38716393	-0.543468997
34693	Findeln	Findeln_6	2	HH	NA	1.3815	9	8.5	NA	NA	175	-0.382119956	-2.021585226
30748	Findeln	Findeln_6	1	HH	1.165776065	2.94	9	12.5	NA	195	193	0.537483549	0.392643795
31590	Findeln	Findeln_6	2	HH	0.467539767	2.777	7	9.5	NA	NA	189	-0.086787443	-0.140346389
32584	Findeln	Findeln_6	1	HL	0.176425045	1.1115	NA	8.5	NA	NA	193	-0.900237042	0.397150421
34513	Findeln	Findeln_7	2	HH	1.156588225	2.8805	7.5	12	NA	NA	182	0.289094486	-1.080965808
31364	Findeln	Findeln_7	2	HH	0.522921077	2.499	7.5	10.5	NA	NA	189	0.004070299	-0.140346389
30998	Findeln	Findeln_8	1	HH	NA	1.3255	NA	NA	NA	NA	NA	-1.137365075	NA
32270	Findeln	Findeln_8	2	HH	2.000549739	3.705	9	13	NA	191	189	0.8205285	-0.157560803
30621	Findeln	Findeln_8	1	HH	0.428366278	4.7385	9	9	192	191	182	0.66506131	-0.270593255
30943	Findeln	Findeln_8	1	HH	0.185407078	2.235	6.5	9.5	NA	195	200	-0.304348626	0.862953505
30289	Findeln	Findeln_8	1	HL	NA	1.677	2.5	4	NA	NA	NA	-1.563766921	NA
34013	Findeln	Findeln_8	1	HH	0.166844253	2.918	8	5.5	NA	202	193	-0.389815688	0.885192133
34108	Findeln	Findeln_8	1	HH	0.407207282	2.131	7.5	8.5	NA	NA	182	-0.334492619	-1.080965808
31565	Findeln	Findeln_8	1	HH	0.314122461	2.5495	7	9	NA	195	186	-0.211374342	-0.077665914
33470	Findeln	Findeln_8	2	HH	1.695189541	4.6015	9.5	12.5	NA	184	179	1.085079688	-1.321980154
33858	Findeln	Findeln_8	1	HH	0.197080222	3.074	7	8	NA	205	200	-0.171785978	1.566593987
30001	Findeln	Findeln_8	1	HH	1.105539838	4.6625	10	11	185	188	196	0.988283519	-0.106077733
31560	Findeln	Findeln_8	2	HH	1.303851378	2.5425	10.5	11	NA	191	NA	0.42107199	-0.174775217
31630	Findeln	Findeln_8	2	HH	1.265759069	2.555	10.5	11	NA	NA	179	0.42475706	-1.484088416
31727	Findeln	Findeln_8	2	HH	1.874644951	3.727	8	14.5	NA	188	NA	0.884017034	-0.596959506
30046	Findeln	Findeln_8	1	HH	0.529652405	1.9725	NA	12.5	NA	188	182	0.170727776	-0.838962657
30006	Findeln	Findeln_9	1	HL	0.359261516	2.423	NA	13	NA	216	196	0.456220623	2.071850113
31535	Findeln	Findeln_9	1	HH	NA	1.7295	4	7.5	NA	NA	NA	-0.972329855	NA
32981	Findeln	Findeln_9	2	HL	1.196459339	2.8145	8.5	11.5	NA	191	186	0.327671717	-0.359122107
33270	Findeln	Findeln_9	2	HH	0.989728929	3.046	8.5	10.5	NA	NA	193	0.280882017	0.397150421
34359	Findeln	Findeln_9	1	HH	0.003537219	1.2835	5	8	NA	NA	196	-0.930741568	0.800273029
32167	Findeln	Findeln_9	2	HL	NA	1.159	NA	NA	NA	NA	NA	-1.284620511	NA
31459	Findeln	Findeln_9	2	HH	0.475710366	1.868	9	10	NA	NA	189	-0.066141172	-0.140346389
31349	Findeln	Findeln_9	1	HL	NA	1.1145	5	6	NA	NA	NA	-1.210638156	NA
30380	Findeln	Findeln_9	1	HL	NA	1.6375	NA	4.5	NA	NA	NA	-1.357858648	NA
34518	Findeln	Findeln_9	2	HH	1.455115702	3.2865	9	14.5	NA	181	179	0.869708145	-1.533072299
30696	Findeln	Findeln_9	1	HL	0.721489431	3.6295	NA	11	NA	191	196	0.644633555	0.312748906
31469	Findeln	Findeln_9	2	HH	NA	1.287	NA	NA	NA	NA	NA	-1.171415131	NA
30086	Findeln	Findeln_9	1	HH	NA	NA	7.5	7	NA	NA	175	-0.548089082	-2.021585226
31665	Findeln	Findeln_9	2	HH	1.859284436	3.1445	13	11.5	NA	188	182	0.944946145	-0.838962657
31270	Findeln	Findeln_9	1	HH	0.425294455	3.371	5.5	10.5	185	191	189	0.030034825	-0.278889443
30356	Zeneggen	Zeneggen_1	1	HL	0.435582592	3.1535	5.015	14	NA	146	160	-0.188020878	0.954975702
31485	Zeneggen	Zeneggen_1	2	HH	1.307122637	3.2675	6.8925	13.5	NA	135	145	0.122208094	-1.04003905
32908	Zeneggen	Zeneggen_1	1	HH	0.197488279	2.758	4.3045	7.5	169	157	180	-1.042634151	2.385664195
31416	Zeneggen	Zeneggen_1	1	HL	0.283679395	2.813	5.853	14	172	153	158	-0.165289028	1.053073345
30271	Zeneggen	Zeneggen_1	1	HL	0.350669952	2.5785	5.2345	12	NA	146	160	-0.534921742	0.954975702
33855	Zeneggen	Zeneggen_1	2	HH	0.935985476	2.9075	7.2495	14	169	143	155	0.103008407	0.368972152
31476	Zeneggen	Zeneggen_1	2	HH	1.600014056	3.462	9.41	18	NA	135	148	1.027706692	-0.79333695
32883	Zeneggen	Zeneggen_1	1	HH	0.969549817	3.3465	7.9465	15.5	176	140	151	0.511122478	0.146828675
32763	Zeneggen	Zeneggen_1	1	HL	0.800064946	3.1905	7.883	17	NA	143	160	0.583925377	0.747292725
33357	Zeneggen	Zeneggen_1	2	HH	2.009316233	4.588	8.112	21	154	140	151	1.476482792	-0.279350917
32307	Zeneggen	Zeneggen_1	2	HH	1.538214592	2.7015	6.101	15	NA	128	139	-0.070424148	-2.018036865
30568	Zeneggen	Zeneggen_1	1	HH	0.912638794	4.0045	7.534	12	162	143	153	0.349079738	0.123724176
32089	Zeneggen	Zeneggen_1	2	HH	1.867377435	4.1265	9.5465	21	162	128	137	1.557644729	-1.445715439
32948	Zeneggen	Zeneggen_1	1	HH	0.960695309	3.359	6.747	13.5	154	135	148	0.129532464	-0.674577848
34236	Zeneggen	Zeneggen_1	2	HL	1.864954442	4.608	7.8825	20.5	169	143	151	1.39882223	0.149681396
32903	Zeneggen	Zeneggen_1	2	HH	1.1089487	3.6025	7.11	11	154	140	151	0.045800285	-0.279350917
30790	Zeneggen	Zeneggen_1	1	HH	1.05021454	2.993	8.87	16.5	NA	143	155	0.635614624	0.336122557
32442	Zeneggen	Zeneggen_1	2	HH	1.271351611	2.7255	8.3235	16	154	140	151	0.404441229	-0.279350917
30103	Zeneggen	Zeneggen_1	1	HL	0.192693057	2.7005	3.811	8.5	NA	153	158	-1.053963815	1.275101248
34540	Zeneggen	Zeneggen_1	2	HH	0.905243037	NA	7.0245	13	NA	143	158	0.075681	0.582824658
31426	Zeneggen	Zeneggen_1	2	HH	1.702994133	4.094	8.863	19	154	133	148	1.247370482	-0.766881393
32511	Zeneggen	Zeneggen_1	2	HH	0.88339207	2.263	6.024	13.5	162	140	148	-0.373853248	-0.288844587
34306	Zeneggen	Zeneggen_1	1	HL	1.312267344	3.7895	7.5985	14	162	143	145	0.468858031	-0.314857336
30223	Zeneggen	Zeneggen_1	1	HL	0.1665845	2.8415	4.4135	10.5	NA	157	160	-0.719575071	1.716479952
31336	Zeneggen	Zeneggen_10	1	HH	0.376657067	2.3115	NA	11	NA	150	153	-0.815793755	0.656248104
30113	Zeneggen	Zeneggen_10	1	HL	0.358146054	1.664	6.452	14	NA	NA	158	-0.464279534	1.019081382
31010	Zeneggen	Zeneggen_10	1	HL	0.926172559	3.1365	7.143	10.5	NA	140	153	-0.156786035	-0.036028487
30654	Zeneggen	Zeneggen_10	1	HH	0.68127734	3.24	5.2975	12	162	140	151	-0.294037018	-0.12437652
30880	Zeneggen	Zeneggen_10	1	HH	NA	NA	3.958	NA	NA	NA	NA	-1.173145023	NA
33964	Zeneggen	Zeneggen_10	1	HL	NA	NA	4.646	NA	NA	NA	NA	-0.825224788	NA
30498	Zeneggen	Zeneggen_10	1	HH	NA	NA	4.86	NA	NA	NA	NA	-0.717005413	NA
31356	Zeneggen	Zeneggen_10	1	HH	NA	NA	5.093	NA	NA	NA	NA	-0.599177775	NA
34690	Zeneggen	Zeneggen_10	2	HH	1.124387158	3.589	NA	13.5	154	146	153	0.195768216	0.107205097
34565	Zeneggen	Zeneggen_10	2	HL	0.626319475	3.4495	NA	9	NA	146	155	-0.497214439	0.543805535
34256	Zeneggen	Zeneggen_10	1	HL	NA	NA	3.8665	NA	NA	NA	NA	-1.219416392	NA
30805	Zeneggen	Zeneggen_10	1	HH	0.504890324	3.314	NA	10.5	NA	146	158	-0.361250247	0.790507635
31371	Zeneggen	Zeneggen_10	1	HH	0.725153191	3.4435	NA	12.5	162	146	153	-0.018013304	0.262179494
31607	Zeneggen	Zeneggen_10	2	HH	0.6800462	3.1485	NA	12.5	255	150	166	-0.17204549	2.96105891
32070	Zeneggen	Zeneggen_10	2	HH	0.777619162	3.0535	NA	10	162	143	148	-0.566173357	-0.150389269
32120	Zeneggen	Zeneggen_11	2	HL	1.727236511	3.1825	6.7595	12	NA	140	148	-0.067609	-0.447198654
34795	Zeneggen	Zeneggen_11	2	HH	1.500912047	4.0635	6.014	19	NA	135	148	0.756509026	-0.79333695
34770	Zeneggen	Zeneggen_11	2	HH	1.44304665	3.9375	5.121	18.5	NA	133	145	0.516183	-1.178494368
33332	Zeneggen	Zeneggen_11	2	HH	1.243202689	3.849	6.501	11.5	154	133	148	0.074885659	-0.766881393
33811	Zeneggen	Zeneggen_11	1	HH	0.583985154	2.108	6.6685	13.5	NA	143	155	-0.319167235	0.336122557
33527	Zeneggen	Zeneggen_11	2	HH	1.427665452	4.2225	6.8175	13.5	154	128	145	0.441996691	-1.162108324
31502	Zeneggen	Zeneggen_11	1	HL	0.721560446	2.1815	6.481	13.5	NA	146	151	-0.325188354	0.2148694
33008	Zeneggen	Zeneggen_11	1	HH	0.151222963	2.294	2.976	11.5	NA	160	162	-1.060597759	2.088630996
33932	Zeneggen	Zeneggen_11	1	HL	NA	1.561	NA	NA	NA	NA	NA	-1.637869372	NA
30291	Zeneggen	Zeneggen_11	1	HL	0.790299335	2.0635	7.651	7.5	NA	NA	151	-0.720280226	-0.132195088
34366	Zeneggen	Zeneggen_11	1	HH	NA	NA	2.392	9.5	NA	NA	169	-1.577976022	2.828230119
30316	Zeneggen	Zeneggen_11	1	HL	0.158584194	2.892	3.925	10.5	NA	157	160	-0.78434075	1.716479952
34500	Zeneggen	Zeneggen_11	2	HL	2.203818848	3.8385	7.31	18.5	NA	140	151	0.850712547	-0.200496554
33058	Zeneggen	Zeneggen_11	1	HH	NA	2.759	NA	NA	NA	NA	NA	-0.386814728	NA
31729	Zeneggen	Zeneggen_11	1	HH	1.057365552	3.0955	9.331	17	149	135	151	0.794939895	-0.606968779
33487	Zeneggen	Zeneggen_11	2	HH	1.739111298	4.2815	8.2545	NA	NA	140	NA	1.101348614	-0.26879802
34165	Zeneggen	Zeneggen_11	1	HL	0.616924296	2.1355	5.2915	12.5	NA	146	151	-0.633583144	0.2148694
32350	Zeneggen	Zeneggen_12	2	HH	1.278656531	4.103	7.3665	13.5	162	143	153	0.492942035	0.123724176
32536	Zeneggen	Zeneggen_12	1	HL	0.463419876	1.984	3.6625	10	NA	146	151	-1.190596464	0.2148694
30407	Zeneggen	Zeneggen_12	1	HH	0.716377417	2.634	6.0975	13	NA	140	151	-0.278256847	-0.200496554
32099	Zeneggen	Zeneggen_12	2	HH	1.345717563	5.662	7.6465	15	154	135	151	1.220630861	-0.510109781
30995	Zeneggen	Zeneggen_12	1	HL	0.750701836	2.6135	4.064	13.5	NA	143	151	-0.582235202	0.007186423
32728	Zeneggen	Zeneggen_12	1	HH	NA	1.5985	NA	NA	NA	NA	NA	-1.598708646	NA
34040	Zeneggen	Zeneggen_12	1	HL	0.215055956	3.046	3.3665	6	NA	NA	160	-1.238307319	1.348017516
30558	Zeneggen	Zeneggen_12	1	HL	0.053916923	1.7895	2.506	8.5	NA	160	158	-1.591057304	1.759694862
30920	Zeneggen	Zeneggen_12	1	HL	NA	3.6645	5.1755	NA	NA	168	NA	0.000664284	3.607950886
33362	Zeneggen	Zeneggen_12	2	HH	1.323099477	5.584	8.2295	12.5	248	133	148	1.062070551	1.054067774
32252	Zeneggen	Zeneggen_13	2	HH	0.918765136	2.999	6.415	14	NA	146	153	-0.005809201	0.379337467
32406	Zeneggen	Zeneggen_13	2	HH	0.98474546	2.664	3.171	11.5	NA	157	148	-0.898932113	0.729671549
31617	Zeneggen	Zeneggen_13	2	HH	1.443952171	4.5475	6.346	15.5	154	140	151	0.659395088	-0.279350917
33188	Zeneggen	Zeneggen_13	2	HH	0.828921263	4.0115	4.1835	10.5	162	143	151	-0.351073707	0.014078798
31860	Zeneggen	Zeneggen_13	2	HH	0.83956604	3.0965	3.8665	14	NA	146	148	-0.401460369	-0.0318327
32672	Zeneggen	Zeneggen_13	1	HL	0.224520519	2.102	4.2	12.5	NA	157	155	-0.829234132	1.305309784
33063	Zeneggen	Zeneggen_13	2	HH	1.068416622	4.0265	5.392	10	162	133	148	-0.188076831	-0.611906996
31853	Zeneggen	Zeneggen_13	2	HH	0.519518227	2.39	4.776	13.5	NA	153	158	-0.540015515	1.275101248
34530	Zeneggen	Zeneggen_13	2	HH	1.048139538	2.0425	6.582	18.5	NA	143	151	0.102817269	0.007186423
30068	Zeneggen	Zeneggen_13	1	HH	0.437403212	2.83	3.965	15.5	NA	153	158	-0.339814313	1.275101248
31537	Zeneggen	Zeneggen_13	2	HH	1.08496779	2.719	6.5545	13.5	NA	135	151	-0.125697508	-0.546634849
31724	Zeneggen	Zeneggen_13	2	HH	1.404313606	2.973	8.0845	17.5	154	140	145	0.588117262	-0.608287051
34060	Zeneggen	Zeneggen_13	2	HH	1.353325697	3.748	8.7755	11	154	135	145	0.377194838	-0.839045915
32012	Zeneggen	Zeneggen_13	2	HH	1.28855533	2.5975	8.9065	14.5	NA	140	145	0.320349294	-0.693900755
34015	Zeneggen	Zeneggen_13	2	HH	1.095901693	2.297	7.4095	17	NA	143	151	0.193086189	0.007186423
32149	Zeneggen	Zeneggen_13	2	HH	1.370336702	3.7065	6.8305	17	154	143	153	0.58612685	-0.031250221
34125	Zeneggen	Zeneggen_13	1	HH	0.945761107	3.184	6.394	13.5	154	133	148	0.00911198	-0.766881393
31647	Zeneggen	Zeneggen_13	1	HH	0.357207547	1.914	5.765	7.5	NA	146	153	-1.090235965	0.379337467
30593	Zeneggen	Zeneggen_13	1	HH	0.305424226	NA	4.9155	12	NA	153	169	-0.59538727	2.179675617
32401	Zeneggen	Zeneggen_13	2	HH	1.400284578	3.36	7.3515	15	149	133	145	0.369588422	-1.028208459
30578	Zeneggen	Zeneggen_13	1	HH	0.305706926	2.0515	1.996	4.5	NA	NA	153	-1.953317554	0.196741046
34316	Zeneggen	Zeneggen_14	1	HL	NA	1.85	4.583	9.5	NA	NA	176	-1.128012802	3.979506589
34480	Zeneggen	Zeneggen_14	1	HH	0.43085581	2.144	3.6055	9.5	NA	140	153	-1.190446043	-0.036028487
33532	Zeneggen	Zeneggen_14	2	HH	1.490308404	3.4495	7.9525	18	NA	180	153	0.777670548	2.733077875
32938	Zeneggen	Zeneggen_14	1	HL	0.861997915	3.983	7.2765	NA	162	146	NA	0.698202597	0.294898718
32617	Zeneggen	Zeneggen_14	2	HL	1.934295621	3.33	8.8755	20.5	162	143	151	1.121342432	0.014078798
34760	Zeneggen	Zeneggen_14	2	HH	1.452138368	3.0135	8.043	19	162	140	151	0.733029346	-0.12437652
33457	Zeneggen	Zeneggen_14	2	HL	1.554220774	4.952	7.4985	16	162	140	158	1.040408544	0.259382303
31734	Zeneggen	Zeneggen_14	1	HH	0.957671336	2.8625	8.439	16.5	NA	143	158	0.517536234	0.582824658
32367	Zeneggen	Zeneggen_2	2	HH	1.339725994	4.1965	8.4585	11.5	154	140	153	0.525816744	-0.169705539
32667	Zeneggen	Zeneggen_2	2	HH	1.377274642	5.567	7.5345	NA	154	140	NA	1.590512163	-0.352928832
31351	Zeneggen	Zeneggen_2	2	HH	1.520748194	4.933	7.3905	13.5	162	140	148	0.78590675	-0.288844587
34455	Zeneggen	Zeneggen_2	2	HH	1.097227407	2.7055	5.8255	14	154	140	145	-0.207344842	-0.608287051
32232	Zeneggen	Zeneggen_2	2	HL	1.614129043	3.4535	5.7075	15.5	NA	140	151	0.170949394	-0.200496554
34630	Zeneggen	Zeneggen_2	2	HH	1.176610843	3.8585	6.5555	12	162	133	137	0.133315983	-1.214956575
31652	Zeneggen	Zeneggen_2	1	HL	0.873920459	4.094	6.131	13.5	162	143	153	0.281545878	0.123724176
31272	Zeneggen	Zeneggen_2	1	HH	0.808412404	3.0025	7.472	10.5	162	135	148	-0.147972595	-0.519603451
33600	Zeneggen	Zeneggen_2	2	HH	0.673961218	2.5045	6.05	11	NA	143	155	-0.515088362	0.336122557
33492	Zeneggen	Zeneggen_2	2	HH	1.462070104	4.1025	8.534	13.5	154	134	148	0.689568799	-0.720729621
33959	Zeneggen	Zeneggen_2	1	HH	NA	1.2185	NA	NA	NA	NA	NA	-1.995537331	NA
30930	Zeneggen	Zeneggen_2	1	HH	0.699663515	2.582	5.027	14.5	NA	140	151	-0.338998001	-0.200496554
33467	Zeneggen	Zeneggen_2	2	HH	0.680193039	3.0925	4.468	NA	162	146	NA	-0.476892189	0.294898718
31282	Zeneggen	Zeneggen_2	1	HL	0.051705692	2.664	4.505	7.5	217	157	166	-1.041557629	2.547992932
32561	Zeneggen	Zeneggen_3	1	HL	0.534845445	3.629	7.7545	12.5	162	150	160	0.301475314	0.830545408
30940	Zeneggen	Zeneggen_3	1	HH	0.778518176	2.273	5.3185	13.5	NA	133	151	-0.489295611	-0.685090167
31577	Zeneggen	Zeneggen_3	2	HH	1.733959958	4.3005	8.1565	19	162	135	145	1.200160287	-0.684071518
31687	Zeneggen	Zeneggen_3	2	HL	1.399154612	4.125	9.5645	11.5	162	140	155	0.687361929	0.094914236
32878	Zeneggen	Zeneggen_3	2	HH	1.7117885	3.205	10.0965	28	169	146	160	1.972698168	0.781540915
32136	Zeneggen	Zeneggen_3	2	HH	1.195451193	3.762	7.559	13.5	176	140	148	0.406690481	-0.017639392
30013	Zeneggen	Zeneggen_3	1	HH	0.368546055	2.2985	3.1645	11	NA	146	153	-1.073193209	0.379337467
33375	Zeneggen	Zeneggen_3	2	HL	1.458607399	3.7185	9.9905	14	154	150	155	0.847353146	0.401457566
31446	Zeneggen	Zeneggen_3	2	HL	1.906144206	3.675	7.311	15	154	140	151	0.47241153	-0.279350917
30583	Zeneggen	Zeneggen_3	1	HH	0.488148395	2.985	5.4925	10.5	NA	143	158	-0.48774067	0.582824658
32733	Zeneggen	Zeneggen_3	1	HH	0.695955273	2.8265	5.2135	14.5	NA	143	151	-0.222451131	0.007186423
34515	Zeneggen	Zeneggen_3	2	HH	1.451895342	3.514	3.0745	17	NA	140	145	-0.114015418	-0.693900755
30608	Zeneggen	Zeneggen_3	1	HH	0.543292775	2.042	5.3	14	162	143	153	-0.526887535	0.123724176
34371	Zeneggen	Zeneggen_3	1	HL	0.251496677	1.9235	NA	9.5	NA	153	153	-1.22509981	0.863931081
34246	Zeneggen	Zeneggen_4	1	HL	1.128280501	3.1115	6.879	12.5	NA	140	151	-0.026243561	-0.200496554
30083	Zeneggen	Zeneggen_4	1	HH	0.997016229	3.795	5.9845	12	NA	135	145	0.01496074	-1.04003905
34710	Zeneggen	Zeneggen_4	2	HH	1.410993875	5.45	8.854	12.5	149	133	134	1.120695246	-1.631258038
31572	Zeneggen	Zeneggen_4	2	HH	1.416002757	3.6375	8.198	16	162	143	158	0.700749143	0.397837621
34045	Zeneggen	Zeneggen_4	1	HL	0.739054554	2.641	4.875	14.5	NA	143	153	-0.344082409	0.17165449
31317	Zeneggen	Zeneggen_4	2	HL	0.755922523	2.9675	6.199	10	162	146	151	-0.420677027	0.152534116
32104	Zeneggen	Zeneggen_4	2	HH	1.441240476	4.869	7.048	13	149	143	153	0.659958221	-0.128109219
32287	Zeneggen	Zeneggen_4	2	HH	1.043180378	2.641	8.081	15	172	140	153	0.242276775	0.178986855
30835	Zeneggen	Zeneggen_4	1	HL	0.942154511	2.1165	4.17	10.5	NA	143	145	-1.012990013	-0.486217778
31739	Zeneggen	Zeneggen_4	2	HH	1.286873438	NA	7.166	14.5	NA	140	145	0.318173703	-0.693900755
34490	Zeneggen	Zeneggen_4	2	HH	0.918706716	2.5695	6.7315	12	NA	140	151	-0.285711291	-0.200496554
33462	Zeneggen	Zeneggen_4	2	HL	2.053540861	3.2575	8.767	16.5	NA	140	151	0.710323542	-0.200496554
33342	Zeneggen	Zeneggen_4	2	HH	1.65270274	4.407	8.0245	16.5	NA	140	151	0.985298874	-0.200496554
32416	Zeneggen	Zeneggen_4	2	HH	1.426079606	3.187	6.947	15.5	149	133	141	0.28711955	-1.247499215
30238	Zeneggen	Zeneggen_4	1	HL	0.618010349	2.1555	6.122	9.5	162	140	151	-0.762246594	-0.12437652
33497	Zeneggen	Zeneggen_4	2	HL	1.205948869	2.209	6.198	12.5	NA	140	151	-0.455193053	-0.200496554
31495	Zeneggen	Zeneggen_4	1	HH	0.558198393	2.0175	8.7155	12.5	NA	146	160	-0.097488392	0.954975702
30755	Zeneggen	Zeneggen_4	1	HL	0.690157037	3.856	5.719	10.5	162	143	153	-0.146369431	0.123724176
34765	Zeneggen	Zeneggen_4	2	HH	1.686313416	3.9875	9.431	16.5	154	140	151	1.076360966	-0.279350917
34085	Zeneggen	Zeneggen_4	1	HH	0.178332271	2.1695	NA	8	NA	189	160	-1.303367199	3.931765041
32893	Zeneggen	Zeneggen_4	1	HL	0.534922097	2.886	NA	12.5	NA	143	158	-0.30910803	0.582824658
32622	Zeneggen	Zeneggen_4	1	HL	0.577920071	2.8885	7.03	14	162	146	158	0.059394358	0.536292939
32131	Zeneggen	Zeneggen_4	2	HH	0.884064731	2.3785	NA	15.5	NA	143	153	-0.160666469	0.17165449
34105	Zeneggen	Zeneggen_4	2	HH	1.887525285	5.683	NA	19	149	140	151	2.047089089	-0.376209916
33389	Zeneggen	Zeneggen_4	2	HH	1.737659144	3.887	NA	18.5	154	143	153	1.040415393	-0.031250221
33482	Zeneggen	Zeneggen_4	2	HL	0.850374144	3.821	NA	12	162	146	155	0.110190825	0.371824872
31682	Zeneggen	Zeneggen_4	1	HH	0.59466622	1.8825	NA	9	NA	NA	148	-1.31541253	-0.625599289
32873	Zeneggen	Zeneggen_5	2	HH	0.864056184	2.193	5.6665	13.5	NA	143	148	-0.458482268	-0.239515677
30233	Zeneggen	Zeneggen_5	1	HH	0.148044049	1.7425	2.1065	7	NA	NA	158	-1.812569616	1.019081382
31677	Zeneggen	Zeneggen_5	2	HH	1.01095191	2.629	8.0985	10.5	162	134	139	-0.172379601	-1.059159425
33203	Zeneggen	Zeneggen_5	2	HH	1.30482339	3.28	5.8455	16	154	134	145	0.179753532	-0.885197688
32647	Zeneggen	Zeneggen_5	1	HH	0.685298683	2.3545	5.334	12	NA	140	148	-0.59612278	-0.447198654
32698	Zeneggen	Zeneggen_5	1	HL	0.649630944	2.625	6.461	12	NA	143	155	-0.311989104	0.336122557
34570	Zeneggen	Zeneggen_5	2	HH	1.202440722	3.265	7.2965	15	169	140	145	0.327248234	-0.317710057
32632	Zeneggen	Zeneggen_5	1	HL	0.084169152	2.757	NA	4.5	NA	NA	166	-1.478942176	2.334825918
30260	Zeneggen	Zeneggen_5	1	HL	0.603385022	1.7545	4.566	11	NA	143	151	-1.026311816	0.007186423
33307	Zeneggen	Zeneggen_5	2	HH	1.418506848	2.3165	8.7025	20	NA	140	151	0.693449317	-0.200496554
30003	Zeneggen	Zeneggen_5	1	HH	0.849623723	2.634	6.324	17	154	140	155	0.127415919	-0.060060161
33143	Zeneggen	Zeneggen_5	2	HH	0.772384581	1.9695	6.225	13	NA	143	151	-0.488074033	0.007186423
34660	Zeneggen	Zeneggen_5	2	HH	1.300096537	3.7485	6.8775	14.5	154	140	148	0.378986603	-0.443818984
32978	Zeneggen	Zeneggen_5	2	HL	0.660314517	2.4975	4.925	11	NA	146	153	-0.707161785	0.379337467
32963	Zeneggen	Zeneggen_5	2	HL	0.559296734	3.1075	3.7555	23	NA	143	158	0.410516126	0.582824658
32282	Zeneggen	Zeneggen_5	2	HH	1.209976364	3.428	6.1925	13	162	128	132	0.014144622	-1.719828884
30730	Zeneggen	Zeneggen_5	1	HH	0.469448282	3.409	5.812	8.5	162	146	160	-0.470037692	0.645938317
32943	Zeneggen	Zeneggen_5	1	HH	0.508978466	1.874	3.436	12	NA	143	148	-1.083320868	-0.239515677
30588	Zeneggen	Zeneggen_5	1	HH	1.083836922	4.234	6.908	15	154	140	153	0.599064723	-0.169705539
31522	Zeneggen	Zeneggen_5	1	HH	0.193698271	1.9595	3.615	9.5	NA	153	158	-1.253068256	1.275101248
34000	Zeneggen	Zeneggen_6	1	HL	0.388027925	3.2035	4.691	13	NA	NA	158	-0.317104639	1.019081382
31602	Zeneggen	Zeneggen_6	2	HH	1.326507525	3.837	6.3515	14.5	149	134	151	0.321127322	-0.653120552
33831	Zeneggen	Zeneggen_6	1	HH	0.232985745	2.076	5.0005	7.5	NA	150	158	-1.162713231	1.067418271
32586	Zeneggen	Zeneggen_6	2	HH	1.835231182	4.8485	7.012	19	NA	140	151	1.197992739	-0.200496554
33153	Zeneggen	Zeneggen_6	2	HL	NA	2.8415	5.447	NA	NA	NA	NA	-0.360410905	NA
31746	Zeneggen	Zeneggen_6	1	HH	0.755972678	3.2905	NA	10.5	NA	140	148	-0.373520608	-0.447198654
31966	Zeneggen	Zeneggen_6	2	HL	2.188887779	3.5665	5.077	13	NA	135	148	-0.125679553	-0.79333695
33537	Zeneggen	Zeneggen_6	2	HH	1.134369327	2.0685	4.355	12	NA	133	145	-0.860704166	-1.178494368
33875	Zeneggen	Zeneggen_6	1	HH	NA	1.481	NA	NA	NA	NA	NA	-1.721412253	NA
33322	Zeneggen	Zeneggen_6	2	HH	1.183985595	2.409	5.1405	15	NA	140	141	-0.334149682	-1.022836889
33949	Zeneggen	Zeneggen_6	1	HL	0.33566084	3.7005	5.148	9	217	150	158	-0.434559157	1.786349011
30795	Zeneggen	Zeneggen_6	1	HH	NA	NA	1.6775	NA	NA	NA	NA	-2.326389348	NA
30008	Zeneggen	Zeneggen_6	1	HH	0.474866094	2.546	2.639	9	NA	143	148	-1.259367332	-0.239515677
34585	Zeneggen	Zeneggen_6	2	HH	1.211655819	3.176	5.6185	11	NA	134	145	-0.354078574	-1.109266709
31986	Zeneggen	Zeneggen_6	2	HH	1.113890641	3.117	6.828	12.5	154	140	148	-0.032925903	-0.443818984
31996	Zeneggen	Zeneggen_6	2	HH	1.415233442	3.832	8.2995	10.5	149	134	141	0.280260857	-1.201347442
31552	Zeneggen	Zeneggen_6	1	HH	0.555300727	2.503	4.584	12	NA	150	145	-0.670855127	-0.001624165
34485	Zeneggen	Zeneggen_6	1	HH	0.629537109	2.195	5.199	10.5	NA	140	148	-0.81221011	-0.447198654
32257	Zeneggen	Zeneggen_6	2	HH	0.598706753	NA	NA	9.5	NA	NA	151	-1.190883929	-0.132195088
30163	Zeneggen	Zeneggen_7	1	HL	0.373251199	2.9515	5.922	14	NA	150	160	-0.10544677	1.231886338
31881	Zeneggen	Zeneggen_7	2	HH	1.31955583	3.565	6.482	15.5	154	135	148	0.340316395	-0.674577848
34495	Zeneggen	Zeneggen_7	2	HL	1.148670068	3.7115	6.8245	23.5	154	146	158	1.184031351	0.381318542
30618	Zeneggen	Zeneggen_7	1	HL	0.195043614	2.4045	2.201	9	162	NA	160	-1.382454732	0.687940532
31873	Zeneggen	Zeneggen_7	1	HH	0.469958132	2.632	3.2355	13.5	NA	143	155	-0.715452374	0.336122557
33865	Zeneggen	Zeneggen_7	2	HH	1.461895981	4.2215	7.284	15.5	162	133	151	0.70403092	-0.447438929
30372	Zeneggen	Zeneggen_7	1	HH	0.710383098	2.928	7.247	14.5	169	146	158	0.155659518	0.671895537
30018	Zeneggen	Zeneggen_7	1	HH	0.686637295	2.8435	6.2145	13	162	143	151	-0.185608651	0.014078798
30950	Zeneggen	Zeneggen_7	1	HH	0.10853338	2.1635	3.0315	10	NA	NA	166	-1.2344785	2.334825918
34296	Zeneggen	Zeneggen_7	1	HH	0.38242181	1.9995	3.432	12.5	162	NA	155	-0.994372596	0.276770364
34286	Zeneggen	Zeneggen_7	2	HH	1.420660032	3.581	7.6055	15.5	154	133	145	0.535269827	-0.93134946
30255	Zeneggen	Zeneggen_7	1	HH	0.431819236	2.706	5.4495	11	NA	146	158	-0.546171037	0.790507635
31257	Zeneggen	Zeneggen_7	1	HL	0.552539951	2.2045	5.0355	10.5	NA	146	151	-0.836463746	0.2148694
30228	Zeneggen	Zeneggen_7	1	HH	0.236181527	2.414	4.5335	8	169	150	160	-1.077840761	0.966148006
34470	Zeneggen	Zeneggen_7	1	HL	0.372546557	2.1295	3.565	10	162	143	155	-1.156383778	0.233369554
31829	Zeneggen	Zeneggen_7	1	HH	0.340334245	2.03	2.825	9	NA	143	153	-1.407631249	0.17165449
32227	Zeneggen	Zeneggen_7	2	HH	0.996329042	3.1795	3.447	14	169	140	151	-0.443281896	0.011226077
34341	Zeneggen	Zeneggen_7	2	HH	0.725974175	2.2305	4.477	15	NA	143	153	-0.508128244	0.17165449
30674	Zeneggen	Zeneggen_7	2	HL	1.047137204	2.423	4.4825	11.5	NA	140	151	-0.761748774	-0.200496554
32693	Zeneggen	Zeneggen_7	1	HL	1.472439222	3.9825	5.8825	13.5	154	140	148	0.200844595	-0.443818984
34635	Zeneggen	Zeneggen_8	2	HL	1.609542789	4.0625	NA	15	154	146	153	0.649717498	0.107205097
30250	Zeneggen	Zeneggen_8	1	HL	0.494080955	3.754	4.127	12.5	162	140	162	-0.266485953	0.478673059
30538	Zeneggen	Zeneggen_8	1	HH	0.942413416	4.208	5.5825	19	162	146	153	0.734072571	0.262179494
30603	Zeneggen	Zeneggen_8	1	HL	0.426686822	2.556	3.883	13	162	149	153	-0.678697702	0.400634812
33247	Zeneggen	Zeneggen_8	2	HL	2.050047923	5.3885	8.8705	24	154	146	155	2.15860985	0.216850475
32688	Zeneggen	Zeneggen_8	2	HH	1.424482383	3.465	7.4095	18	217	143	153	0.691534685	1.189173157
32155	Zeneggen	Zeneggen_8	2	HH	0.921880579	3.1925	4.4525	13.5	154	143	151	-0.315200109	-0.140895599
32718	Zeneggen	Zeneggen_8	1	HH	0.661456435	3.283	6.317	14	NA	149	158	0.076530407	0.998190612
34035	Zeneggen	Zeneggen_8	2	HL	NA	3.102	NA	NA	NA	NA	NA	-0.028624626	NA
34190	Zeneggen	Zeneggen_8	2	HH	1.240627458	3.2935	NA	16	154	143	155	0.385999238	0.078395157
33422	Zeneggen	Zeneggen_8	2	HH	0.645846542	2.765	4.526	14.5	246	146	158	-0.359748123	2.16352411
31921	Zeneggen	Zeneggen_8	2	HH	0.693424152	2.0385	5.14	15	162	146	153	-0.463203288	0.262179494
30563	Zeneggen	Zeneggen_8	1	HL	NA	1.854	NA	NA	NA	NA	NA	-1.33189357	NA
31657	Zeneggen	Zeneggen_9	1	HH	0.757755525	2.7665	5.6865	14.5	NA	140	151	-0.163605131	-0.200496554
30855	Zeneggen	Zeneggen_9	1	HL	0.413950072	2.0465	2.305	9	NA	NA	153	-1.489541999	0.196741046
32062	Zeneggen	Zeneggen_9	2	HH	1.118334991	4.032	6.0865	13	169	140	148	0.206526209	-0.15324199
30432	Zeneggen	Zeneggen_9	1	HH	0.706133534	2.682	5.3245	12.5	162	133	151	-0.437786364	-0.447438929
34276	Zeneggen	Zeneggen_9	2	HH	1.119737614	2.9805	5.7915	16.5	NA	143	148	0.112332985	-0.239515677
30243	Zeneggen	Zeneggen_9	1	HH	0.733360812	3.9695	6.3955	11	162	140	160	0.053110863	0.369027681
32973	Zeneggen	Zeneggen_9	2	HH	0.777670735	2.8505	5.6015	11	154	146	153	-0.470249228	0.107205097
32546	Zeneggen	Zeneggen_9	2	HH	1.187811052	2.772	6.786	15.5	154	135	151	0.115520858	-0.510109781
33595	Zeneggen	Zeneggen_9	2	HH	1.622680589	4.4765	8.8905	15.5	154	133	148	1.063596519	-0.766881393
34206	Zeneggen	Zeneggen_9	1	HH	NA	1.996	NA	NA	NA	NA	NA	-1.183604956	NA
34680	Zeneggen	Zeneggen_9	2	HH	1.30956148	3.0145	7.0645	17.5	NA	140	148	0.430625893	-0.447198654
34510	Zeneggen	Zeneggen_9	2	HH	1.025274728	3.1435	6.788	10	154	140	148	-0.26012687	-0.443818984
34705	Zeneggen	Zeneggen_9	2	HH	1.600052324	3.8615	6.8165	22.5	149	133	139	1.143023982	-1.357144593
34505	Zeneggen	Zeneggen_9	2	HH	1.156008069	NA	6.546	15.5	NA	143	151	0.29921703	0.007186423
33781	Zeneggen	Zeneggen_9	1	HH	0.167892821	NA	2.402	10	169	150	160	-1.506542676	0.966148006
31809	Zeneggen	Zeneggen_9	2	HH	1.248309479	3.451	6.912	25	154	140	151	1.245911753	-0.279350917
31627	Zeneggen	Zeneggen_9	1	HL	0.623032796	1.9135	5.323	16	NA	146	153	-0.383994484	0.379337467
30487	Zeneggen	Zeneggen_9	1	HL	0.360764053	2.3115	6.987	10.5	NA	146	160	-0.470260986	0.954975702
32662	Zeneggen	Zeneggen_9	2	HH	1.151064539	2.8275	5.843	18.5	NA	140	153	0.251501831	-0.036028487
