barcode	site	plot	cluster	start19_size	start20_size	start21_size	CEN	size_mean_scaled
34653	Findeln	14	2	4.415	13	NA	H-L	1.69849955401813
30121	Findeln	14	1	2.876	9	17	H-L	1.03628345044663
30440	Findeln	9	1	5.605	10.5	NA	H-L	1.79140389248387
34468	Findeln	1	1	0.8475	3	5.5	H-H	-1.57797590296625
30066	Findeln	1	1	1.3375	3	3.5	H-H	-1.66359554968131
33136	Findeln	1	1	NA	2.5	NA	H-L	-1.83796211870719
32826	Findeln	1	1	0.858	NA	NA	H-L	-1.55083003732202
34259	Findeln	1	1	1.654	2	3	H-L	-1.74336117209316
34688	Findeln	1	2	1.4845	6.5	8.5	H-H	-0.640637501243655
32024	Findeln	1	2	2.571	NA	10	H-H	0.00400001942935245
33774	Findeln	1	1	1.525	4.5	7	H-H	-1.03235971699537
34088	Findeln	1	1	0.746	2	NA	H-L	-1.83058819088909
31008	Findeln	1	1	1.353	1.5	NA	H-H	-1.64883238082607
33829	Findeln	1	1	1.4065	4.5	6.5	H-L	-1.12481279689661
32220	Findeln	1	2	1.1125	3.5	6	H-H	-1.38455728528282
32806	Findeln	1	1	1.524	3.5	4.5	H-L	-1.43580057051916
33295	Findeln	1	2	1.4555	5.5	6.5	H-H	-0.994814306586505
32846	Findeln	1	1	1.0805	3.5	NA	H-H	-1.4226751650395
31575	Findeln	1	2	2.662	4.5	8	H-H	-0.582128447648376
33485	Findeln	10	2	2.3975	7	NA	H-H	-0.233633235939399
31817	Findeln	10	2	1.219	NA	NA	H-H	-1.23155548883679
30838	Findeln	11	1	1.5245	5	NA	H-L	-0.966340306698033
32519	Findeln	11	1	1.644	NA	NA	H-H	-0.855678250315395
30516	Findeln	11	1	1.232	3.5	4	H-H	-1.57940243542703
34143	Findeln	11	1	1.694	8	7	H-H	-0.57810201510319
30221	Findeln	12	1	1.4715	NA	NA	H-L	-1.00824018830349
30395	Findeln	12	1	0.963	NA	NA	H-L	-1.45796624898144
32173	Findeln	12	2	2.5925	4.5	NA	H-H	-0.580726370801644
34053	Findeln	12	1	1.4445	5.5	5.5	H-L	-1.11309438332558
31500	Findeln	12	1	1.478	6.5	7	H-H	-0.815109559579557
32675	Findeln	12	1	1.1175	3	4.5	H-H	-1.61341558439199
30101	Findeln	12	1	1.152	2.5	3.5	H-H	-1.7760585088771
33300	Findeln	13	2	2.743	10	NA	H-H	0.439138360863702
30284	Findeln	14	1	0.891	NA	NA	H-H	-1.52164427527212
34249	Findeln	2	1	1.051	2	NA	H-L	-1.6957145935373
32650	Findeln	2	1	2.6955	7	NA	H-H	-0.101855098198958
34118	Findeln	3	2	4.4725	10	NA	H-H	1.20393798912576
30026	Findeln	4	1	0.746	NA	NA	H-H	-1.6498847448853
34503	Findeln	4	2	1.053	4.5	8.5	H-H	-0.998952175233964
34173	Findeln	5	1	0.781	2	2	H-L	-2.11576374264042
30334	Findeln	5	1	1.0235	3.5	NA	H-L	-1.44788105044623
34078	Findeln	6	1	1.86	1.5	NA	H-H	-1.42463266326095
30081	Findeln	6	1	0.428	NA	NA	H-H	-1.93112936100248
30998	Findeln	8	1	1.3255	NA	NA	H-H	-1.13736507494849
30289	Findeln	8	1	1.677	2.5	4	H-L	-1.56376692116492
31560	Findeln	8	2	2.5425	10.5	11	H-H	0.421071989527668
31727	Findeln	8	2	3.727	8	14.5	H-H	0.884017033958316
31535	Findeln	9	1	1.7295	4	7.5	H-H	-0.972329854910658
32167	Findeln	9	2	1.159	NA	NA	H-L	-1.28462051074569
31349	Findeln	9	1	1.1145	5	6	H-L	-1.21063815574259
33001	Findeln	9	2	6.0075	NA	NA	H-H	3.00347546800953
30380	Findeln	9	1	1.6375	NA	4.5	H-L	-1.35785864805532
31469	Findeln	9	2	1.287	NA	NA	H-H	-1.17141513067336
34693	Findeln	6	2	1.3815	9	8.5	H-H	-0.382119955693164
30086	Findeln	9	1	NA	7.5	7	H-H	-0.548089082385305
33535	Findeln	14	2	4.5205	11	13.5	H-H	1.34956716095567
33535	Findeln	14	2	4.5205	11	13.5	H-H	1.34956716095567
33535	Findeln	14	2	4.5205	11	13.5	H-H	1.34956716095567
33535	Findeln	14	2	4.5205	11	13.5	H-H	1.34956716095567
30933	Findeln	12	1	3.0445	6.5	6.5	H-H	-0.410815073278016
30768	Findeln	13	1	3.383	11	9	H-H	0.496558238758228
31964	Findeln	13	2	2.208	8	9	H-H	-0.196497468407365
34678	Findeln	13	2	3.7155	10.5	14.5	H-H	1.16950929897917
34188	Findeln	14	2	3.4225	15	11.5	H-H	1.25800814722834
34188	Findeln	14	2	3.4225	15	11.5	H-H	1.25800814722834
34188	Findeln	14	2	3.4225	15	11.5	H-H	1.25800814722834
34188	Findeln	14	2	3.4225	15	11.5	H-H	1.25800814722834
34578	Findeln	14	2	3.217	10	11	H-H	0.562141912785521
34488	Findeln	2	2	2.3205	11.5	14.5	H-H	0.873808391308962
33814	Findeln	3	1	1.4915	7.5	10.5	H-H	-0.292946420800782
34023	Findeln	4	2	2.3995	8.5	13	H-H	0.37788318200842
33525	Findeln	5	2	2.8925	9.5	10.5	H-H	0.351182357304421
33525	Findeln	5	2	2.8925	9.5	10.5	H-H	0.351182357304421
33525	Findeln	5	2	2.8925	9.5	10.5	H-H	0.351182357304421
33525	Findeln	5	2	2.8925	9.5	10.5	H-H	0.351182357304421
34783	Findeln	5	2	3.8095	9	11.5	H-H	0.678779871589747
33470	Findeln	8	2	4.6015	9.5	12.5	H-H	1.0850796883399
31630	Findeln	8	2	2.555	10.5	11	H-H	0.424757060493564
34518	Findeln	9	2	3.2865	9	14.5	H-H	0.869708145243931
31414	Findeln	14	1	3.2675	6.5	12.5	H-H	0.345149878488114
30621	Findeln	8	1	4.7385	9	9	H-H	0.665061310052411
32290	Findeln	8	2	6.574	14.5	12.5	H-H	2.24434894737724
33883	Findeln	9	2	5.3825	NA	14.5	H-H	2.02377045835471
34123	Findeln	12	2	3.589	5	10.5	H-H	0.0365259569670928
32109	Findeln	14	2	2.9775	10.5	11.5	H-H	0.606831066285394
34563	Findeln	2	2	1.632	7	9	H-L	-0.481858550639642
31464	Findeln	2	2	3.592	6.5	10	H-H	0.153221285040047
33908	Findeln	4	1	4.1315	NA	11.5	H-H	0.952900140653491
31999	Findeln	4	2	3.0385	10	10	H-H	0.394481885103435
34753	Findeln	4	2	4.6285	13.5	16	H-H	1.95788174013321
32509	Findeln	4	2	3.5125	9.5	11	H-L	0.591480484357408
34673	Findeln	5	2	1.609	6	8	H-H	-0.719229307629771
34513	Findeln	7	2	2.8805	7.5	12	H-H	0.289094486363218
34108	Findeln	8	1	2.131	7.5	8.5	H-H	-0.334492618763724
30046	Findeln	8	1	1.9725	NA	12.5	H-H	0.170727776242792
34178	Findeln	9	2	5.563	17	12	H-H	2.1776643308205
31665	Findeln	9	2	3.1445	13	11.5	H-H	0.944946144699238
31550	Findeln	5	2	3.2995	9	11.5	H-H	0.52842897618119
32353	Findeln	13	2	3.515	8	12	H-L	0.533925194653993
33131	Findeln	4	2	5.924	12	14	H-H	1.93639854827481
33540	Findeln	14	2	4.5455	11.5	16.5	H-L	1.75982545181663
32345	Findeln	1	2	2.916	7.5	10	H-H	0.0694856593281806
33998	Findeln	1	2	2.6575	6.5	9	H-H	-0.237311834659429
31605	Findeln	1	2	2.499	7.5	8.5	H-H	-0.226004129527746
32514	Findeln	1	2	2.4015	6.5	9	H-H	-0.312782088040979
32153	Findeln	1	2	1.661	6	8	H-H	-0.703899412411644
34458	Findeln	10	2	2.9595	10.5	12	H-H	0.659043171239049
32144	Findeln	10	2	2.957	8.5	11.5	H-H	0.369681525653745
33330	Findeln	10	2	2.023	8.5	11	H-H	0.0368144159374508
31701	Findeln	10	2	1.3675	5.5	6.5	H-H	-1.02075720618641
31650	Findeln	11	2	4.4085	12	14.5	H-H	1.54713915151412
33588	Findeln	11	2	3.6445	10	14.5	H-H	1.09080158983098
34738	Findeln	11	2	2.8195	11	11.5	H-H	0.618028275338363
31374	Findeln	11	2	2.324	10.5	9.5	H-H	0.184101127610169
30783	Findeln	12	1	1.8465	5.5	6	H-H	-0.937063893917823
30703	Findeln	12	1	2.2355	8	7.5	H-L	-0.36094613371603
32409	Findeln	12	2	4.073	11	11.5	H-H	0.987567191798414
34483	Findeln	12	1	2.3515	NA	8	H-H	-0.43817639267962
30903	Findeln	13	1	2.075	6.5	10.5	H-H	-0.236480320236546
32389	Findeln	13	2	3.444	10.5	10	H-H	0.571802093298996
34548	Findeln	13	2	2.5685	6	10	H-H	-0.206288831709412
32017	Findeln	13	2	3.339	11	10.5	H-H	0.65614261039191
30241	Findeln	14	1	2.326	9.5	10	H-H	0.126656333985469
33569	Findeln	14	2	1.527	7	12.5	H-H	-0.110182896741351
32280	Findeln	14	2	3.256	9	10	H-H	0.343049107786236
30511	Findeln	14	1	2.449	8	9.5	H-L	-0.0679306930403445
32009	Findeln	14	2	2.5945	9	12	H-H	0.378109580849201
34168	Findeln	3	2	4.523	13.5	17	H-H	2.04181695547014
31344	Findeln	3	1	4.015	10.5	11	H-H	0.855173349310216
33515	Findeln	4	2	1.348	6.5	8.5	H-H	-0.680878476191239
34098	Findeln	4	2	3.1815	10	9	H-H	0.321601882664195
34683	Findeln	5	2	3.5835	11.5	13.5	H-H	1.131110747414
34628	Findeln	5	2	2.5195	9.5	12	H-H	0.41377566111572
30616	Findeln	5	1	2.573	6.5	8	H-H	-0.377260128677977
34493	Findeln	5	2	3.969	10	11.5	H-H	0.84135438923837
33868	Findeln	6	2	1.9325	7	8	H-H	-0.508306658908593
31394	Findeln	6	2	1.5875	6.5	8	H-H	-0.667791123629217
34203	Findeln	6	2	1.6305	4.5	11.5	H-H	-0.483590253742296
30868	Findeln	6	1	2.2315	11	11	H-L	0.38716392995807
31565	Findeln	8	1	2.5495	7	9	H-H	-0.211374341742876
32981	Findeln	9	2	2.8145	8.5	11.5	H-L	0.327671716642531
31545	Findeln	9	1	5.492	11.5	13	H-L	1.63622877534246
31003	Findeln	14	1	4.1905	8	10	H-H	0.502992001072832
31270	Findeln	9	1	3.371	5.5	10.5	H-H	0.0300348253837614
30596	Findeln	5	1	4.254	7.5	11.5	H-H	0.636491476951324
30596	Findeln	5	1	4.254	7.5	11.5	H-H	0.636491476951324
30596	Findeln	5	1	4.254	7.5	11.5	H-H	0.636491476951324
30596	Findeln	5	1	4.254	7.5	11.5	H-H	0.636491476951324
31867	Findeln	1	1	3.265	7.5	10.5	H-L	0.229891447840542
30420	Findeln	14	1	3.331	10.5	13	H-H	0.883600694634569
32524	Findeln	11	1	3.0055	6.5	7.5	H-L	-0.307275280402521
33255	Findeln	10	1	1.5945	6.4	9.5	H-H	-0.504726963667058
30709	Findeln	10	1	1.508	8	8.5	H-H	-0.460380049642086
33888	Findeln	11	1	2.19	6.5	7	H-L	-0.605207917362121
33275	Findeln	11	2	3.021	10	12	H-L	0.619397214329362
31379	Findeln	11	1	4.103	9.5	10	H-L	0.650526022497244
33460	Findeln	11	2	2.5355	6.5	11	H-H	-0.0432036987083924
30908	Findeln	12	1	2.715	8	6.5	H-H	-0.33462402575335
30011	Findeln	12	1	3.2975	8.5	11	H-H	0.412544251620207
33367	Findeln	12	2	3.049	7	8.5	H-H	-0.121637513090217
33530	Findeln	12	2	1.811	6.5	7	H-H	-0.716939269048088
30571	Findeln	13	1	1.531	5.5	7	H-H	-0.915037870807948
31837	Findeln	13	2	2.815	8.5	11.5	H-L	0.327819119481167
31879	Findeln	13	2	3.2125	9.5	11	H-L	0.503038781175904
32921	Findeln	14	1	1.8555	5.5	6.5	H-H	-0.876892035677833
34648	Findeln	14	2	3.3865	9	9.5	H-L	0.324002641525645
32931	Findeln	14	1	2.53	7.5	11	H-H	0.0707278821904029
34424	Findeln	14	1	1.783	7	8.5	H-H	-0.494861500516164
33196	Findeln	2	2	3.61	8.5	12.5	H-H	0.677226847201243
33340	Findeln	2	2	1.0945	7	9.5	H-H	-0.582797995028625
34319	Findeln	2	2	2.8995	8	14	H-H	0.582546728871456
34339	Findeln	4	1	1.293	5	8.5	H-H	-0.870422306626866
31707	Findeln	4	2	3.3375	14.5	10.5	H-L	1.06013594430927
31929	Findeln	4	2	2.1715	10	10.5	H-H	0.196403970053434
30536	Findeln	5	1	2.6085	10.5	14	H-L	0.785640807094871
31590	Findeln	6	2	2.777	7	9.5	H-H	-0.086787443019023
31364	Findeln	7	2	2.499	7.5	10.5	H-H	0.00407029905043556
32270	Findeln	8	2	3.705	9	13	H-H	0.820528499748493
32746	Findeln	9	2	4.033	11.5	12.5	H-H	1.14858868505853
31459	Findeln	9	2	1.868	9	10	H-H	-0.0661411722668556
34523	Findeln	11	2	4.606	11	15	H-H	1.54732886779604
34758	Findeln	9	2	5.927	18.5	18	H-L	3.14852640126762
31685	Findeln	4	2	3.041	6.5	10	H-L	-0.00921664313664891
30211	Findeln	5	2	4.1755	12	14	H-H	1.42093082156528
31620	Findeln	9	2	5.859	16	14	H-H	2.37944822774731
33913	Findeln	1	1	1.3175	4.5	7	H-H	-1.09353189502924
30823	Findeln	10	1	2.862	10.05	10	H-H	0.348226333671173
32399	Findeln	10	2	1.829	5.5	6.5	H-H	-0.884704386125532
30953	Findeln	10	1	1.9195	7.75	10	H-H	-0.195399945042101
33425	Findeln	10	2	2.0045	4	10	H-H	-0.603665257938219
30041	Findeln	10	1	2.0675	8.5	11.5	H-H	0.107451875720586
33126	Findeln	10	2	1.835	6.5	9	H-L	-0.479789504215386
31384	Findeln	11	1	2.4785	8.5	7.5	H-L	-0.231531848077117
34379	Findeln	11	1	1.68	5	5.5	H-H	-1.10144415239
31919	Findeln	11	2	3.362	9	15	H-H	0.949484581022488
34128	Findeln	11	1	1.856	5	6	H-L	-0.992039746045637
33804	Findeln	11	1	2.328	7.5	8.5	H-H	-0.276415900341203
31510	Findeln	12	1	1.886	4.5	9	H-H	-0.695860438922109
34409	Findeln	12	2	3.1975	8.5	9.5	H-L	0.210507862459403
32134	Findeln	12	2	1.976	6	8	H-L	-0.611035624071064
32736	Findeln	13	1	2.415	6.5	9	H-H	-0.308802211397811
30863	Findeln	13	1	2.8905	8.5	11	H-L	0.292558340970633
30201	Findeln	13	1	1.992	6.5	NA	H-L	-0.499613548232741
32721	Findeln	13	1	2.336	7	9	H-H	-0.274315353840379
33809	Findeln	13	1	3.166	7.5	10	H-H	0.143187078646101
31322	Findeln	14	1	2.273	8	9.5	H-L	-0.11981649224016
33384	Findeln	14	2	4.3045	13.5	11.5	H-H	1.34469723639628
33031	Findeln	14	2	2.4095	6	12	H-H	-0.023088505817428
32625	Findeln	14	1	2.036	7.5	11	H-L	-0.0749061223818069
34048	Findeln	14	1	2.509	9	16.5	H-H	0.870571159743381
32610	Findeln	14	1	1.5735	6.5	6	H-L	-0.901992831689202
31474	Findeln	2	2	1.7845	7.5	9	H-H	-0.379124178793816
34778	Findeln	4	2	1.562	12	16	H-H	0.880530612593924
31023	Findeln	4	1	2.2965	7.5	14	H-L	0.347002399414738
31023	Findeln	4	1	2.2965	7.5	14	H-L	0.347002399414738
31023	Findeln	4	1	2.2965	7.5	14	H-L	0.347002399414738
31023	Findeln	4	1	2.2965	7.5	14	H-L	0.347002399414738
31555	Findeln	4	2	2.743	10	11	H-H	0.422404021758745
30611	Findeln	4	1	1.9195	6.5	8	H-L	-0.569915638775019
32635	Findeln	4	2	4.1725	14	17	H-L	1.99626407164831
34324	Findeln	4	1	2.4005	7	8.5	H-L	-0.312818994800901
30470	Findeln	5	1	2.0715	8.5	9.5	H-L	-0.121443330148509
34008	Findeln	5	2	3.1455	9	10.5	H-H	0.367991687592261
31580	Findeln	5	2	2.59	8	11.5	H-H	0.203711336033144
33011	Findeln	5	2	2.1725	7	9	H-H	-0.322516082074299
30748	Findeln	6	1	2.94	9	12.5	H-H	0.537483549491112
32584	Findeln	6	1	1.1115	NA	8.5	H-L	-0.900237041688127
34013	Findeln	8	1	2.918	8	5.5	H-H	-0.38981568755629
33270	Findeln	9	2	3.046	8.5	10.5	H-H	0.280882016641834
30001	Findeln	8	1	4.6625	10	11	H-H	0.988283519281734
32971	Findeln	1	1	2.0365	6.5	8.5	H-L	-0.477904767389688
30546	Findeln	1	1	1.7605	4	5	H-L	-1.25078391463796
31856	Findeln	1	2	2.5395	6.5	8	H-H	-0.387136118866578
31899	Findeln	1	2	2.1975	6.5	8	H-H	-0.487959660493493
32776	Findeln	11	2	3.4485	8.5	11.5	H-H	0.514578516032776
32559	Findeln	13	1	1.898	6	8.5	H-H	-0.57651185975371
31737	Findeln	13	1	2.947	6	8	H-H	-0.324779311440263
30375	Findeln	14	1	2.522	9.5	12	H-L	0.414512675308899
33878	Findeln	14	1	2.1855	9.5	11.5	H-L	0.257791957762434
31310	Findeln	14	1	2.5425	7	12	H-L	0.131673661383495
33116	Findeln	14	1	1.767	6	7	H-L	-0.787687224909936
32057	Findeln	2	2	1.87	4.5	9	H-H	-0.700577329758456
33021	Findeln	5	2	2.9995	9	15.5	H-L	0.90013613015605
32594	Findeln	5	1	2.101	7	10.5	H-H	-0.171038866565588
30652	Findeln	8	1	5.39	11.5	12	H-H	1.49112138197166
30006	Findeln	9	1	2.423	NA	13	H-L	0.456220623375948
34359	Findeln	9	1	1.2835	5	8	H-H	-0.930741567705492
30696	Findeln	9	1	3.6295	NA	11	H-L	0.644633554951098
32831	Findeln	14	1	3.168	6	9.5	H-L	-0.0870714353295856
31354	Findeln	1	2	1.7715	5	5	H-H	-1.13198804006418
34003	Findeln	10	2	1.984	5	9	H-H	-0.60919297648759
32275	Findeln	10	2	1.3645	6	8.5	H-H	-0.733790688578151
33290	Findeln	11	2	3.1585	9	10	H-H	0.314305554252247
33335	Findeln	12	2	3.196	8	6.5	H-L	-0.192822494985672
34354	Findeln	12	1	2.4645	8	9.5	H-L	-0.0633612050426334
30778	Findeln	14	1	2.0955	8	9.5	H-L	-0.172144499955883
30581	Findeln	3	1	3.004	7.5	9.5	H-H	0.0379099517835431
34148	Findeln	6	1	1.9855	6	7.5	H-L	-0.665753577281529
32682	Findeln	6	1	2.4075	7	8	H-H	-0.368273962204545
30943	Findeln	8	1	2.235	6.5	9.5	H-H	-0.304348626162168
33858	Findeln	8	1	3.074	7	8	H-H	-0.17178597830297
30304	Findeln	10	1	1.6455	4.5	6	H-L	-1.11187284717322
32996	Findeln	11	2	3.584	7.5	9.5	H-L	0.208897244601117
32991	Findeln	12	2	1.759	7.5	7	H-H	-0.616716152142425
31640	Findeln	13	2	2.352	7.5	8.5	H-H	-0.269340564086683
31640	Findeln	13	2	2.352	7.5	8.5	H-H	-0.269340564086683
31640	Findeln	13	2	2.352	7.5	8.5	H-H	-0.269340564086683
31640	Findeln	13	2	2.352	7.5	8.5	H-H	-0.269340564086683
30176	Findeln	13	1	2.067	5.5	7	H-H	-0.757022027790327
33893	Findeln	14	1	2.17	4	5.5	H-L	-1.07254238265066
34768	Findeln	1	2	1.967	4.5	7.5	H-H	-0.844537000496739
32976	Findeln	12	2	2.0255	6	7	H-L	-0.711479957335207
30496	Findeln	13	1	2.1475	7	7	H-L	-0.559960652584273
32554	Findeln	1	1	1.8375	6	6	H-H	-0.881940638951374
31339	Findeln	11	1	1.931	7.5	6.5	H-H	-0.623528182796242
32761	Findeln	12	1	1.7535	4.5	7	H-H	-0.964996619738788
30738	Findeln	12	1	1.5055	5.5	7.5	H-L	-0.86503680843383
32751	Findeln	1	1	1.3505	3.5	5.5	H-H	-1.3719121412367
30753	Findeln	2	1	1.14	4	8	H-L	-1.08859919451777
30733	Findeln	4	1	1.2325	2.5	3	H-L	-1.80984525900128
32938	Zeneggen	14	1	3.983	7.2765	NA	H-L	0.698202596829935
33467	Zeneggen	2	2	3.0925	4.468	NA	H-H	-0.476892188895381
31926	Zeneggen	9	2	4.593	7.3565	NA	H-L	1.0369377514079
33801	Zeneggen	3	2	5.9195	NA	NA	H-H	2.91365121597888
32667	Zeneggen	2	2	5.567	7.5345	NA	H-H	1.59051216311055
30880	Zeneggen	10	1	NA	3.958	NA	H-H	-1.17314502310762
33964	Zeneggen	10	1	NA	4.646	NA	H-L	-0.825224788350856
30498	Zeneggen	10	1	NA	4.86	NA	H-H	-0.717005413005002
31356	Zeneggen	10	1	NA	5.093	NA	H-H	-0.599177775362086
34256	Zeneggen	10	1	NA	3.8665	NA	H-L	-1.21941639153821
33932	Zeneggen	11	1	1.561	NA	NA	H-L	-1.63786937150399
31951	Zeneggen	11	2	1.407	NA	NA	H-L	-1.79868941749971
33058	Zeneggen	11	1	2.759	NA	NA	H-H	-0.386814727978814
33487	Zeneggen	11	2	4.2815	8.2545	NA	H-H	1.10134861390954
32728	Zeneggen	12	1	1.5985	NA	NA	H-H	-1.59870864601802
30920	Zeneggen	12	1	3.6645	5.1755	NA	H-L	0.000664283841784352
33959	Zeneggen	2	1	1.2185	NA	NA	H-H	-1.99553733094253
30281	Zeneggen	5	1	0.6885	NA	NA	H-L	-2.54900891781093
33153	Zeneggen	6	2	2.8415	5.447	NA	H-L	-0.360410904868516
33875	Zeneggen	6	1	1.481	NA	NA	H-H	-1.72141225254073
30795	Zeneggen	6	1	NA	1.6775	NA	H-H	-2.32638934776286
30890	Zeneggen	7	1	0.8295	NA	NA	H-H	-2.40176458998367
30422	Zeneggen	7	1	0.953	NA	NA	H-H	-2.27279526738321
34035	Zeneggen	8	2	3.102	NA	NA	H-L	-0.0286246255337936
30563	Zeneggen	8	1	1.854	NA	NA	H-L	-1.33189356970693
34206	Zeneggen	9	1	1.996	NA	NA	H-H	-1.18360495586672
30058	Zeneggen	9	1	0.638	NA	NA	H-H	-2.60174536146537
33938	Zeneggen	9	1	0.59	NA	NA	H-H	-2.65187109008741
32282	Zeneggen	5	2	3.428	6.1925	13	H-H	0.0141446215772413
34710	Zeneggen	4	2	5.45	8.854	12.5	H-H	1.12069524642484
32089	Zeneggen	1	2	4.1265	9.5465	21	H-H	1.55764472852985
34630	Zeneggen	2	2	3.8585	6.5555	12	H-H	0.133315982813434
31677	Zeneggen	5	2	2.629	8.0985	10.5	H-H	-0.172379601062425
34705	Zeneggen	9	2	3.8615	6.8165	22.5	H-H	1.143023982097
33053	Zeneggen	3	2	5.64	8.661	18	H-H	1.65960239990709
32307	Zeneggen	1	2	2.7015	6.101	15	H-H	-0.0704241476740369
32416	Zeneggen	4	2	3.187	6.947	15.5	H-H	0.287119549923194
31996	Zeneggen	6	2	3.832	8.2995	10.5	H-H	0.280260857181765
33322	Zeneggen	6	2	2.409	5.1405	15	H-H	-0.334149681943315
34306	Zeneggen	1	1	3.7895	7.5985	14	H-L	0.468858030981629
33527	Zeneggen	11	2	4.2225	6.8175	13.5	H-H	0.441996691357508
31637	Zeneggen	12	2	3.69	10.022	17.5	H-H	1.16429825381894
34060	Zeneggen	13	2	3.748	8.7755	11	H-H	0.37719483805727
34455	Zeneggen	2	2	2.7055	5.8255	14	H-H	-0.207344842274497
31577	Zeneggen	3	2	4.3005	8.1565	19	H-H	1.2001602870068
33203	Zeneggen	5	2	3.28	5.8455	16	H-H	0.179753532341978
34570	Zeneggen	5	2	3.265	7.2965	15	H-H	0.327248234323955
34286	Zeneggen	7	2	3.581	7.6055	15.5	H-H	0.535269827390353
31401	Zeneggen	9	2	4.4515	7.5945	19	H-L	1.15798858806349
31724	Zeneggen	13	2	2.973	8.0845	17.5	H-H	0.588117261624189
33507	Zeneggen	11	2	4.036	8.8325	14	H-L	0.762673982144241
34615	Zeneggen	7	2	4.7585	7.6585	17	H-H	1.09189579802598
34615	Zeneggen	7	2	4.7585	7.6585	17	H-H	1.09189579802598
34615	Zeneggen	7	2	4.7585	7.6585	17	H-H	1.09189579802598
34615	Zeneggen	7	2	4.7585	7.6585	17	H-H	1.09189579802598
32401	Zeneggen	13	2	3.36	7.3515	15	H-H	0.369588421687636
31485	Zeneggen	1	2	3.2675	6.8925	13.5	H-H	0.122208094289686
34770	Zeneggen	11	2	3.9375	5.121	18.5	H-H	0.516182999861251
32012	Zeneggen	13	2	2.5975	8.9065	14.5	H-H	0.32034929407358
34515	Zeneggen	3	2	3.514	3.0745	17	H-H	-0.114015417573301
30083	Zeneggen	4	1	3.795	5.9845	12	H-H	0.0149607398966332
30083	Zeneggen	4	1	3.795	5.9845	12	H-H	0.0149607398966332
30083	Zeneggen	4	1	3.795	5.9845	12	H-H	0.0149607398966332
30083	Zeneggen	4	1	3.795	5.9845	12	H-H	0.0149607398966332
30835	Zeneggen	4	1	2.1165	4.17	10.5	H-L	-1.01299001308344
31739	Zeneggen	4	2	NA	7.166	14.5	H-H	0.318173702540023
33537	Zeneggen	6	2	2.0685	4.355	12	H-H	-0.860704166053731
34585	Zeneggen	6	2	3.176	5.6185	11	H-H	-0.354078573533347
31552	Zeneggen	6	1	2.503	4.584	12	H-H	-0.670855126650009
32888	Zeneggen	7	1	2.574	6.7025	12.5	H-H	-0.243096704878206
32948	Zeneggen	1	1	3.359	6.747	13.5	H-H	0.129532463926654
33332	Zeneggen	11	2	3.849	6.501	11.5	H-H	0.0748856590640598
33018	Zeneggen	12	2	3.556	8.0205	15.5	H-H	0.596522336111845
33362	Zeneggen	12	2	5.584	8.2295	12.5	H-H	1.0620705514157
33063	Zeneggen	13	2	4.0265	5.392	10	H-H	-0.188076830555105
34125	Zeneggen	13	1	3.184	6.394	13.5	H-H	0.0091119799976661
34180	Zeneggen	14	2	2.655	8.05885	22.5	H-H	0.932464933793201
31642	Zeneggen	14	2	3.196	10.224	14	H-H	0.704833494767609
31351	Zeneggen	2	2	4.933	7.3905	13.5	H-H	0.785906749746275
31272	Zeneggen	2	1	3.0025	7.472	10.5	H-H	-0.147972594714073
33492	Zeneggen	2	2	4.1025	8.534	13.5	H-H	0.689568798784868
32136	Zeneggen	3	2	3.762	7.559	13.5	H-H	0.406690481232673
34660	Zeneggen	5	2	3.7485	6.8775	14.5	H-H	0.378986603137918
31986	Zeneggen	6	2	3.117	6.828	12.5	H-H	-0.0329259028785251
31881	Zeneggen	7	2	3.565	6.482	15.5	H-H	0.340316395132659
32693	Zeneggen	7	1	3.9825	5.8825	13.5	H-L	0.200844595447912
32062	Zeneggen	9	2	4.032	6.0865	13	H-H	0.206526208967272
33595	Zeneggen	9	2	4.4765	8.8905	15.5	H-H	1.06359651895561
34510	Zeneggen	9	2	3.1435	6.788	10	H-H	-0.260126870427368
32511	Zeneggen	1	2	2.263	6.024	13.5	H-H	-0.373853247909118
31426	Zeneggen	1	2	4.094	8.863	19	H-H	1.24737048246344
32043	Zeneggen	12	2	4.254	10.706	16.5	H-L	1.38405003030475
32070	Zeneggen	10	2	3.0535	NA	10	H-H	-0.566173356793695
32848	Zeneggen	9	2	4.2805	8.375	12.5	H-L	0.632854632543197
31476	Zeneggen	1	2	3.462	9.41	18	H-H	1.02770669240217
32120	Zeneggen	11	2	3.1825	6.7595	12	H-L	-0.0676090003768806
34795	Zeneggen	11	2	4.0635	6.014	19	H-H	0.756509025817145
32406	Zeneggen	13	2	2.664	3.171	11.5	H-H	-0.898932113409505
31860	Zeneggen	13	2	3.0965	3.8665	14	H-H	-0.401460369461688
31860	Zeneggen	13	2	3.0965	3.8665	14	H-H	-0.401460369461688
31860	Zeneggen	13	2	3.0965	3.8665	14	H-H	-0.401460369461688
31860	Zeneggen	13	2	3.0965	3.8665	14	H-H	-0.401460369461688
31682	Zeneggen	4	1	1.8825	NA	9	H-H	-1.31541252965424
32873	Zeneggen	5	2	2.193	5.6665	13.5	H-H	-0.458482268407984
32647	Zeneggen	5	1	2.3545	5.334	12	H-H	-0.596122780382783
31936	Zeneggen	5	2	2.4445	NA	23	H-H	0.907367811808056
32943	Zeneggen	5	1	1.874	3.436	12	H-H	-1.08332086801673
31746	Zeneggen	6	1	3.2905	NA	10.5	H-H	-0.373520608121569
31966	Zeneggen	6	2	3.5665	5.077	13	H-L	-0.125679552971359
30008	Zeneggen	6	1	2.546	2.639	9	H-H	-1.25936733181333
34485	Zeneggen	6	1	2.195	5.199	10.5	H-H	-0.812210109714928
34276	Zeneggen	9	2	2.9805	5.7915	16.5	H-H	0.11233298519109
34680	Zeneggen	9	2	3.0145	7.0645	17.5	H-H	0.430625892820949
33870	Zeneggen	9	2	NA	3.4015	7.5	H-H	-1.59834437329902
32883	Zeneggen	1	1	3.3465	7.9465	15.5	H-H	0.511122478487865
33357	Zeneggen	1	2	4.588	8.112	21	H-H	1.47648279238069
34236	Zeneggen	1	2	4.608	7.8825	20.5	H-L	1.39882223018005
32903	Zeneggen	1	2	3.6025	7.11	11	H-H	0.0458002847488093
32442	Zeneggen	1	2	2.7255	8.3235	16	H-H	0.404441228527716
30654	Zeneggen	10	1	3.24	5.2975	12	H-H	-0.294037018081203
33277	Zeneggen	12	2	4.712	12.084	16.5	H-L	1.77576165013146
32099	Zeneggen	12	2	5.662	7.6465	15	H-H	1.22063086050245
31617	Zeneggen	13	2	4.5475	6.346	15.5	H-H	0.659395087668033
33188	Zeneggen	13	2	4.0115	4.1835	10.5	H-H	-0.351073707160497
32617	Zeneggen	14	2	3.33	8.8755	20.5	H-L	1.12134243183455
34760	Zeneggen	14	2	3.0135	8.043	19	H-H	0.733029345855768
32556	Zeneggen	2	2	4.0615	10.342	21.5	H-H	1.71504935948587
33158	Zeneggen	3	2	3.834	6.347	24.5	H-L	1.23805590389524
31446	Zeneggen	3	2	3.675	7.311	15	H-L	0.472411529837287
31317	Zeneggen	4	2	2.9675	6.199	10	H-L	-0.420677026923949
30238	Zeneggen	4	1	2.1555	6.122	9.5	H-L	-0.762246594257181
34765	Zeneggen	4	2	3.9875	9.431	16.5	H-H	1.0763609661754
32758	Zeneggen	5	1	4.7765	5.288	14	H-L	0.422956374203793
31602	Zeneggen	6	2	3.837	6.3515	14.5	H-H	0.321127321778908
33865	Zeneggen	7	2	4.2215	7.284	15.5	H-H	0.704030920481619
30018	Zeneggen	7	1	2.8435	6.2145	13	H-H	-0.185608651166329
30018	Zeneggen	7	1	2.8435	6.2145	13	H-H	-0.185608651166329
30018	Zeneggen	7	1	2.8435	6.2145	13	H-H	-0.185608651166329
30018	Zeneggen	7	1	2.8435	6.2145	13	H-H	-0.185608651166329
32227	Zeneggen	7	2	3.1795	3.447	14	H-H	-0.443281895622753
32155	Zeneggen	8	2	3.1925	4.4525	13.5	H-H	-0.315200108750625
30432	Zeneggen	9	1	2.682	5.3245	12.5	H-H	-0.437786363593272
32546	Zeneggen	9	2	2.772	6.786	15.5	H-H	0.115520857958096
32546	Zeneggen	9	2	2.772	6.786	15.5	H-H	0.115520857958096
32546	Zeneggen	9	2	2.772	6.786	15.5	H-H	0.115520857958096
32546	Zeneggen	9	2	2.772	6.786	15.5	H-H	0.115520857958096
31809	Zeneggen	9	2	3.451	6.912	25	H-H	1.2459117532763
34755	Zeneggen	10	2	4.1025	5.8355	12	H-H	0.0968837214484256
34105	Zeneggen	4	2	5.683	NA	19	H-H	2.04708908920067
31729	Zeneggen	11	1	3.0955	9.331	17	H-H	0.794939895225327
31502	Zeneggen	11	1	2.1815	6.481	13.5	H-L	-0.325188353546138
30291	Zeneggen	11	1	2.0635	7.651	7.5	H-L	-0.72028022638326
34500	Zeneggen	11	2	3.8385	7.31	18.5	H-L	0.850712546841812
30623	Zeneggen	11	1	3.8485	6.7875	16	H-H	0.536434908707092
34165	Zeneggen	11	1	2.1355	5.2915	12.5	H-L	-0.633583143792664
32536	Zeneggen	12	1	1.984	3.6625	10	H-L	-1.190596463725
30407	Zeneggen	12	1	2.634	6.0975	13	H-H	-0.278256847014408
30995	Zeneggen	12	1	2.6135	4.064	13.5	H-L	-0.58223520227647
34530	Zeneggen	13	2	2.0425	6.582	18.5	H-H	0.102817268622826
31537	Zeneggen	13	2	2.719	6.5545	13.5	H-H	-0.125697508174553
34015	Zeneggen	13	2	2.297	7.4095	17	H-H	0.193086189095232
32232	Zeneggen	2	2	3.4535	5.7075	15.5	H-L	0.170949393947948
30930	Zeneggen	2	1	2.582	5.027	14.5	H-H	-0.338998000878487
30940	Zeneggen	3	1	2.273	5.3185	13.5	H-H	-0.489295611209378
33297	Zeneggen	3	2	3.932	11.938	14	H-L	1.24995379621298
32411	Zeneggen	3	2	2.7705	8.4905	16.5	H-H	0.494192612350081
32733	Zeneggen	3	1	2.8265	5.2135	14.5	H-H	-0.222451130850343
34246	Zeneggen	4	1	3.1115	6.879	12.5	H-L	-0.0262435609698251
34490	Zeneggen	4	2	2.5695	6.7315	12	H-H	-0.285711290504145
33462	Zeneggen	4	2	3.2575	8.767	16.5	H-L	0.710323542228141
33342	Zeneggen	4	2	4.407	8.0245	16.5	H-H	0.985298873990737
33497	Zeneggen	4	2	2.209	6.198	12.5	H-L	-0.455193052750838
30260	Zeneggen	5	1	1.7545	4.566	11	H-L	-1.02631181649242
33307	Zeneggen	5	2	2.3165	8.7025	20	H-H	0.693449317463902
33143	Zeneggen	5	2	1.9695	6.225	13	H-H	-0.4880740332204
32586	Zeneggen	6	2	4.8485	7.012	19	H-H	1.197992739076
32257	Zeneggen	6	2	NA	NA	9.5	H-H	-1.19088392869798
31257	Zeneggen	7	1	2.2045	5.0355	10.5	H-L	-0.836463745859322
30674	Zeneggen	7	2	2.423	4.4825	11.5	H-L	-0.76174877394887
31657	Zeneggen	9	1	2.7665	5.6865	14.5	H-H	-0.163605130644436
34505	Zeneggen	9	2	NA	6.546	15.5	H-H	0.299217029966136
30568	Zeneggen	1	1	4.0045	7.534	12	H-H	0.349079738210345
34690	Zeneggen	10	2	3.589	NA	13.5	H-H	0.19576821613133
31371	Zeneggen	10	1	3.4435	NA	12.5	H-H	-0.0180133035843654
32350	Zeneggen	12	2	4.103	7.3665	13.5	H-H	0.492942035369139
32149	Zeneggen	13	2	3.7065	6.8305	17	H-H	0.586126850499727
32149	Zeneggen	13	2	3.7065	6.8305	17	H-H	0.586126850499727
32149	Zeneggen	13	2	3.7065	6.8305	17	H-H	0.586126850499727
32149	Zeneggen	13	2	3.7065	6.8305	17	H-H	0.586126850499727
31652	Zeneggen	2	1	4.094	6.131	13.5	H-L	0.281545877891316
30608	Zeneggen	3	1	2.042	5.3	14	H-H	-0.526887534546018
34045	Zeneggen	4	1	2.641	4.875	14.5	H-L	-0.34408240874912
32104	Zeneggen	4	2	4.869	7.048	13	H-H	0.659958220593864
32287	Zeneggen	4	2	2.641	8.081	15	H-H	0.242276774716941
30755	Zeneggen	4	1	3.856	5.719	10.5	H-L	-0.146369431163122
33389	Zeneggen	4	2	3.887	NA	18.5	H-H	1.04041539342681
30598	Zeneggen	5	1	3.873	NA	12	H-H	0.137342261562177
30588	Zeneggen	5	1	4.234	6.908	15	H-H	0.59906472348508
34635	Zeneggen	8	2	4.0625	NA	15	H-L	0.649717498108798
30538	Zeneggen	8	1	4.208	5.5825	19	H-H	0.734072570859205
30603	Zeneggen	8	1	2.556	3.883	13	H-L	-0.67869770189246
32688	Zeneggen	8	2	3.465	7.4095	18	H-H	0.691534684989305
31921	Zeneggen	8	2	2.0385	5.14	15	H-H	-0.463203287546388
32973	Zeneggen	9	2	2.8505	5.6015	11	H-H	-0.470249228028023
32662	Zeneggen	9	2	2.8275	5.843	18.5	H-H	0.251501830829114
32367	Zeneggen	2	2	4.1965	8.4585	11.5	H-H	0.525816744100234
31336	Zeneggen	10	1	2.3115	NA	11	H-H	-0.815793755328663
31010	Zeneggen	10	1	3.1365	7.143	10.5	H-L	-0.15678603518318
32252	Zeneggen	13	2	2.999	6.415	14	H-H	-0.0058092006010732
31647	Zeneggen	13	1	1.914	5.765	7.5	H-H	-1.09023596519149
30578	Zeneggen	13	1	2.0515	1.996	4.5	H-H	-1.95331755445258
34480	Zeneggen	14	1	2.144	3.6055	9.5	H-H	-1.19044604275521
33532	Zeneggen	14	2	3.4495	7.9525	18	H-H	0.777670548085587
30013	Zeneggen	3	1	2.2985	3.1645	11	H-H	-1.07319320911322
34371	Zeneggen	3	1	1.9235	NA	9.5	H-L	-1.22509981025212
32131	Zeneggen	4	2	2.3785	NA	15.5	H-H	-0.16066646866643
32978	Zeneggen	5	2	2.4975	4.925	11	H-L	-0.707161784745215
31829	Zeneggen	7	1	2.03	2.825	9	H-H	-1.40763124907296
34341	Zeneggen	7	2	2.2305	4.477	15	H-H	-0.508128244172294
30855	Zeneggen	9	1	2.0465	2.305	9	H-L	-1.48954199871172
31627	Zeneggen	9	1	1.9135	5.323	16	H-L	-0.383994484284024
33855	Zeneggen	1	2	2.9075	7.2495	14	H-H	0.103008407352759
31687	Zeneggen	3	2	4.125	9.5645	11.5	H-L	0.68736192922208
33375	Zeneggen	3	2	3.7185	9.9905	14	H-L	0.847353146474433
33482	Zeneggen	4	2	3.821	NA	12	H-L	0.110190825225237
30003	Zeneggen	5	1	2.634	6.324	17	H-H	0.127415919227117
34296	Zeneggen	7	1	1.9995	3.432	12.5	H-H	-0.994372596404474
34470	Zeneggen	7	1	2.1295	3.565	10	H-L	-1.15638377760461
33247	Zeneggen	8	2	5.3885	8.8705	24	H-L	2.15860984967081
34190	Zeneggen	8	2	3.2935	NA	16	H-H	0.385999238398879
30790	Zeneggen	1	1	2.993	8.87	16.5	H-H	0.635614623955697
34565	Zeneggen	10	2	3.4495	NA	9	H-L	-0.497214438500675
33811	Zeneggen	11	1	2.108	6.6685	13.5	H-H	-0.319167234886462
32672	Zeneggen	13	1	2.102	4.2	12.5	H-L	-0.829234132292516
30098	Zeneggen	14	1	1.9015	4.2205	14	H-H	-0.75776193211221
33600	Zeneggen	2	2	2.5045	6.05	11	H-H	-0.515088361518581
32698	Zeneggen	5	1	2.625	6.461	12	H-L	-0.311989103674139
31873	Zeneggen	7	1	2.632	3.2355	13.5	H-H	-0.715452373847707
31416	Zeneggen	1	1	2.813	5.853	14	H-L	-0.165289028333472
30447	Zeneggen	11	1	3.881	15.919	19	H-H	2.36262790831646
33457	Zeneggen	14	2	4.952	7.4985	16	H-L	1.04040854351272
31572	Zeneggen	4	2	3.6375	8.198	16	H-H	0.700749142813269
32622	Zeneggen	4	1	2.8885	7.03	14	H-L	0.059394357793402
33949	Zeneggen	6	1	3.7005	5.148	9	H-L	-0.434559157416917
34495	Zeneggen	7	2	3.7115	6.8245	23.5	H-L	1.184031351006
30372	Zeneggen	7	1	2.928	7.247	14.5	H-H	0.155659517519255
33422	Zeneggen	8	2	2.765	4.526	14.5	H-H	-0.35974812269899
30103	Zeneggen	1	1	2.7005	3.811	8.5	H-L	-1.05396381479556
34540	Zeneggen	1	2	NA	7.0245	13	H-H	0.0756809995244922
30113	Zeneggen	10	1	1.664	6.452	14	H-L	-0.464279534175107
30805	Zeneggen	10	1	3.314	NA	10.5	H-H	-0.361250247469298
30558	Zeneggen	12	1	1.7895	2.506	8.5	H-L	-1.59105730419867
31853	Zeneggen	13	2	2.39	4.776	13.5	H-H	-0.540015514531267
30068	Zeneggen	13	1	2.83	3.965	15.5	H-H	-0.33981431315998
31734	Zeneggen	14	1	2.8625	8.439	16.5	H-H	0.517536234145766
30583	Zeneggen	3	1	2.985	5.4925	10.5	H-H	-0.487740670439386
32893	Zeneggen	4	1	2.886	NA	12.5	H-L	-0.309108029696754
30233	Zeneggen	5	1	1.7425	2.1065	7	H-H	-1.81256961642331
32963	Zeneggen	5	2	3.1075	3.7555	23	H-L	0.410516126311472
31522	Zeneggen	5	1	1.9595	3.615	9.5	H-H	-1.25306825550269
34000	Zeneggen	6	1	3.2035	4.691	13	H-L	-0.317104638551109
33831	Zeneggen	6	1	2.076	5.0005	7.5	H-H	-1.16271323147597
30255	Zeneggen	7	1	2.706	5.4495	11	H-H	-0.546171037111058
32718	Zeneggen	8	1	3.283	6.317	14	H-H	0.076530406781664
30427	Zeneggen	1	1	2.602	7.159	14	H-H	-0.0185899417719081
32561	Zeneggen	3	1	3.629	7.7545	12.5	H-L	0.30147531382841
32878	Zeneggen	3	2	3.205	10.0965	28	H-H	1.97269816835584
30730	Zeneggen	5	1	3.409	5.812	8.5	H-H	-0.470037691639917
30618	Zeneggen	7	1	2.4045	2.201	9	H-L	-1.38245473237393
30228	Zeneggen	7	1	2.414	4.5335	8	H-H	-1.07784076102541
30243	Zeneggen	9	1	3.9695	6.3955	11	H-H	0.0531108629437942
33781	Zeneggen	9	1	NA	2.402	10	H-H	-1.50654267593025
30356	Zeneggen	1	1	3.1535	5.015	14	H-L	-0.188020878229927
30271	Zeneggen	1	1	2.5785	5.2345	12	H-L	-0.534921742267048
32763	Zeneggen	1	1	3.1905	7.883	17	H-L	0.583925376755958
30223	Zeneggen	1	1	2.8415	4.4135	10.5	H-L	-0.719575071015931
30316	Zeneggen	11	1	2.892	3.925	10.5	H-L	-0.784340750010322
34040	Zeneggen	12	1	3.046	3.3665	6	H-L	-1.23830731874116
33028	Zeneggen	3	2	2.75	7.2125	14	H-L	0.0419464494795692
31495	Zeneggen	4	1	2.0175	8.7155	12.5	H-H	-0.0974883917911725
34085	Zeneggen	4	1	2.1695	NA	8	H-H	-1.3033671990675
30163	Zeneggen	7	1	2.9515	5.922	14	H-L	-0.105446769708919
30487	Zeneggen	9	1	2.3115	6.987	10.5	H-L	-0.470260985559984
30250	Zeneggen	8	1	3.754	4.127	12.5	H-L	-0.266485952870073
33008	Zeneggen	11	1	2.294	2.976	11.5	H-H	-1.06059775935741
31607	Zeneggen	10	2	3.1485	NA	12.5	H-H	-0.172045490495854
31282	Zeneggen	2	1	2.664	4.505	7.5	H-L	-1.04155762851831
32632	Zeneggen	5	1	2.757	NA	4.5	H-L	-1.47894217571591
30950	Zeneggen	7	1	2.1635	3.0315	10	H-H	-1.2344784999048
34366	Zeneggen	11	1	NA	2.392	9.5	H-H	-1.57797602214488
30593	Zeneggen	13	1	NA	4.9155	12	H-H	-0.595387270235349
34316	Zeneggen	14	1	1.85	4.583	9.5	H-L	-1.12801280193087
32908	Zeneggen	1	1	2.758	4.3045	7.5	H-H	-1.04263415082385
30765	Zeneggen	5	1	1.355	NA	NA	H-L	-1.85299229017359
