1201
3499
7796
9072
10638
10639
10640
10641
10642
10643
10644
10645
10646
10647
10648
10649
10650
10651
10652
10653
10654
10655
10661
10662
10663
10664
10665
10666
10667
10668
10669
10670
10671
10672
10673
10674
10675
10676
10677
10678
10679
10680
10681
10682
10683
10684
10685
10686
10687
10688
10689
10690
10691
10692
10693
10694
10695
10696
10697
10698
10699
10700
10701
10702
10703
10704
10705
10706
10707
10708
10709
10710
10711
10712
10713
10714
10715
10716
10717
10718
10719
15414
15415
15416
17696
17697
17698
17699
17700
17701
17702
17703
17704
17705
17706
17707
17708
17709
17710
17711
17712
17713
17714
17715
17716
17717
17718
17719
17720
17721
17722
17723
17729
17730
17731
17732
17733
17734
17735
17736
17737
17738
17739
17740
17741
17742
17743
17744
17745
17746
17747
17748
17749
17750
17751
17752
17753
17754
17755
17756
17757
17758
17759
17760
17761
17762
17763
17764
17765
17766
17767
17768
17769
17770
17771
17772
17773
17774
17775
17776
17777
17778
17785
17786
17787
17788
17789
17790
17791
17792
21367
22288
22289
22290
22291
22292
22293
22294
22295
22296
22297
22298
22299
22300
22301
22302
22303
22304
22305
22306
22307
22308
22309
22310
22311
22312
22313
22314
22315
22316
22317
22318
22319
22320
22321
22322
22323
22324
22325
22326
22332
22333
22334
22335
22336
22337
22338
22339
22340
22341
22342
22343
22344
22345
22346
22347
22348
22349
22350
22351
22352
22353
22354
22355
22356
22357
24815
24816
24832
25112
26104
26105
26106
27119
29108
31263
35626
35627
35628
35629
35636
35637
35638
35639
35640
37478
37486
37487
37697
37698
39096
39143
39144
39930
41843
41844
41946
41947
42204
42205
42206
42207
42377
42378
42379
42380
42381
42382
43484
43703
43704
43845
45503
45504
48436
48437
48438
48439
48440
48441
48442
48602
49151
49152
49153
49154
49155
49156
49157
49158
49164
49165
49166
49207
49208
49252
49253
49254
49255
49256
49257
49263
49264
49265
49266
49267
49268
49275
49292
49293
49294
49295
49309
49310
49353
49365
49366
49367
49368
49374
49375
49376
49377
49378
49384
49385
49386
49387
49388
49394
49395
49396
49397
49398
49437
49449
49450
49451
49452
49453
49454
50981
50982
50983
50998
50999
51000
51021
51022
51023
51024
51025
51031
51032
51033
51034
51035
51036
51037
51038
51055
51056
51057
51058
51059
51070
51071
51072
51078
52751
54701
54702
55267
55268
55269
55270
55271
55272
55273
55274
55275
55276
55277
55278
55279
55280
55281
55282
55283
55284
55285
55286
55287
55288
55289
55290
55291
55292
55293
55294
55295
55296
55297
55298
55299
55300
55301
55302
55303
55304
55305
55306
55307
55308
55309
55310
55311
55312
55313
55314
55315
55316
55317
55318
55319
55320
55321
55322
55323
55324
55325
55326
55327
55328
55329
55330
55331
55332
55333
55334
55335
55336
55337
55338
55339
55340
55341
55342
55343
55344
55345
55346
55347
55348
55349
55350
55351
55352
55353
55354
55355
55356
55357
55358
55359
55360
55361
55362
55363
55364
55365
55366
55367
55368
55369
55370
55371
55372
55373
55374
55375
55376
55377
55378
55379
55380
55381
55382
55383
55384
55385
55386
55387
55388
55389
55390
55391
55392
55393
55394
55395
55396
55397
55398
55399
55400
55401
55402
55403
55404
55405
55406
55407
55408
55409
55410
55411
55412
55413
55414
55415
55416
55417
55418
55419
55420
55421
55422
55423
55424
55425
55426
55427
55428
55429
55430
55431
55432
55433
55434
55435
55436
55437
55438
55439
55440
55441
55442
55443
55444
55445
55446
55447
55448
55449
55450
55451
55452
55453
55454
55455
55456
55457
55458
55459
55460
55461
55462
55463
55464
55465
55466
55467
55468
55469
55470
55471
55472
55473
55474
55487
55488
55489
55490
55491
55492
55493
55494
55495
56090
56091
56092
56123
56133
56134
56135
56165
56166
56167
56168
56224
56786
61173
61174
61175
61188
61211
61212
61213
61241
61249
61250
61251
64920
74737
74738
74739
74740
74741
74747
79324
79977
80774
80775
80776
80777
80778
82966
82967
82968
86013
86014
86093
86094
86095
