3.258096538
3.63758616
3.496507561
3.36729583
3.761200116
3.258096538
3.17805383
3.258096538
4.043051268
3.912023005
4.043051268
3.912023005
4.043051268
3.688879454
3.912023005
3.951243719
4.17438727
2.995732274
4.043051268
4.17438727
3.17805383
4.17438727
3.850147602
2.995732274
2.564949357
2.833213344
2.48490665
2.833213344
2.708050201
3.988984047
3.951243719
2.302585093
2.079441542
2.079441542
1.098612289
2.079441542
2.079441542
1.609437912
2.079441542
2.397895273
2.079441542
2.079441542
2.302585093
2.48490665
2.397895273
2.63905733
2.48490665
2.079441542
2.079441542
2.079441542
2.48490665
2.079441542
2.079441542
2.772588722
0.693147181
2.397895273
2.302585093
2.302585093
2.079441542
2.63905733
2.397895273
2.564949357
2.302585093
2.708050201
2.833213344
2.708050201
3.135494216
2.48490665
2.564949357
2.564949357
2.63905733
2.48490665
2.833213344
2.890371758
2.48490665
2.079441542
2.48490665
2.079441542
2.48490665
2.564949357
2.63905733
2.890371758
2.995732274
2.397895273
2.48490665
2.48490665
2.397895273
2.890371758
2.397895273
2.63905733
2.833213344
2.708050201
2.63905733
2.772588722
3.044522438