Population	Latitude	Longitude	Altitude	Nr_Total	Nr_High	Nr_Low	FreqHigh	FreqLow
Twann	47.093786	7.152245	490	5	3	2	0.6	0.4
Onnens	46.844580	6.684666	488	7	4	3	0.5714285714285714	0.42857142857142855
Enges	47.047807	7.012920	673	7	1	6	0.14285714285714285	0.8571428571428571
La_Dole	46.424684	6.104079	1456	5	5	0	1.0	0.0
Pierre_a_Coutiau	46.580821	6.288020	1608	7	7	0	1.0	0.0
Le_Moleson	46.536971	7.003558	1820	9	8	1	0.8888888888888888	0.1111111111111111
Rochers_de_Naye	46.431069	6.979597	1975	8	8	0	1.0	0.0
Biasca	46.359350	8.981270	670	4	4	0	1.0	0.0
San_Carlo	46.424250	8.518020	1420	7	7	0	1.0	0.0
Rochers_des_Rayes	46.527342	7.208130	1790	6	6	0	1.0	0.0
L_Aupateri	46.496083	7.139252	1530	7	3	4	0.42857142857142855	0.5714285714285714
Schwarzenmatt	46.634093	7.349496	1220	8	6	2	0.75	0.25
Col_de_Sonlomont	46.443190	7.063911	1650	5	5	0	1.0	0.0
Mangart	46.443540	13.639610	2053	22	6	16	0.2727272727272727	0.7272727272727273
Lago_di_Fedaia	46.466060	11.859290	2220	8	7	1	0.875	0.125
Mustair_Low	46.632160	10.446993	1300	3	3	0	1.0	0.0
Soca_Low	46.404810	13.705320	1036	18	2	16	0.1111111111111111	0.8888888888888888
Soca_High	46.412170	13.693990	1632	22	1	21	0.045454545454545456	0.9545454545454546
Les_Chapelles	45.587300	6.713970	1432	6	4	2	0.6666666666666666	0.3333333333333333
Pralognan_la_Vanoise	45.314010	6.680270	1986	8	8	0	1.0	0.0
L_Ecot	45.385540	7.099690	2090	4	4	0	1.0	0.0
Lac_du_Mont_Cenis	45.209400	6.969830	1938	9	9	0	1.0	0.0
Nevache	45.026640	6.601780	1871	7	7	0	1.0	0.0
Abries	44.786480	6.937390	1670	5	4	1	0.8	0.2
Saint_Paul_sur_Ubaye	44.594700	6.899970	2343	8	8	0	1.0	0.0
Bayasse	44.307670	6.746490	1868	8	8	0	1.0	0.0
Pont	45.525360	7.191370	2130	9	9	0	1.0	0.0
Lago_di_Loie	45.586816	7.412529	2365	8	8	0	1.0	0.0
Pievescola	43.3200	11.1081	230	3	0	3	0.0	1.0
Iesa	43.0947	11.2459	340	2	0	2	0.0	1.0
Bagno_di_Roselle	42.8000	11.1500	120	5	0	5	0.0	1.0
Monte_Prinzera	44.6333	10.0667	590-600	3	0	3	0.0	1.0
Monte_Ventasso	44.3667	10.2833	1680	7	0	7	0.0	1.0
Carpegna	43.7833	12.3667	700-800	7	0	7	0.0	1.0
Monte_Falcinello	44.1333	9.9500	140	8	0	8	0.0	1.0
Val_di_Susa	45.0980	7.3430	880	9	9	0	1.0	0.0
Monte_Tancia	42.3105	12.7488	900	2	0	2	0.0	1.0
Legn_Marsch_Scuol	46.814970	10.353396	1080-1280	9	5	4	0.5555555555555556	0.4444444444444444
Staziun	46.766954	10.108454	1440-1500	7	6	1	0.8571428571428571	0.14285714285714285
Umblin	46.706940	10.086520	1480-1535	10	10	0	1.0	0.0
Kastelbell	46.635661	10.912238	690-770	9	7	2	0.7777777777777778	0.2222222222222222
Val_da_la_Stura	46.775287	10.425932	2160-2365	8	8	0	1.0	0.0
Mot_Ajuz	46.784473	10.349123	2270-2450	4	4	0	1.0	0.0
Uert	46.782457	10.119050	2090-2115	5	5	0	1.0	0.0
Laschadurella	46.711559	10.167212	2340-2410	6	5	1	0.8333333333333334	0.16666666666666666
Pass_da_Costainas	46.644369	10.371627	2260-2340	3	3	0	1.0	0.0
Pontresina	46.469404	10.014320	2520-2545	5	5	0	1.0	0.0
Giand_Alva	46.411879	9.782580	2430-2440	8	8	0	1.0	0.0
Chalbermatten	46.008333	7.690000	2100	8	8	0	1.0	0.0
Gornergrat	45.979444	7.776111	2740	9	9	0	1.0	0.0
Alpe_Lago	46.547222	8.666667	2150	10	10	0	1.0	0.0
Hannig	46.110278	7.908889	2200	5	5	0	1.0	0.0
Mattmark	46.036944	7.952500	2340	7	7	0	1.0	0.0
Simplonpass	46.206111	8.074444	2280	9	9	0	1.0	0.0
Chlingenstock	46.957393	8.660853	1850	8	8	0	1.0	0.0
Varen	46.318317	7.620999	768	22	5	17	0.22727272727272727	0.7727272727272727
Challer	46.341447	7.595151	2062	18	16	2	0.8888888888888888	0.1111111111111111
Tsanfleuron	46.322755	7.296057	2110	24	24	0	1.0	0.0
Lac_de_Mauvoisin	45.992624	7.344463	2280	23	23	0	1.0	0.0
Saviese	46.235256	7.340141	746	21	3	18	0.14285714285714285	0.8571428571428571
Saxon	46.140278	7.164058	570	20	5	15	0.25	0.75
Visitor	42.614806	19.893222	1850	6	3	3	0.5	0.5
Durmitor	43.098944	19.051111	1925	6	0	6	0.0	1.0
Mramorje	42.925167	19.023417	1610	7	0	7	0.0	1.0
Parun	42.322222	19.656944	1300	5	0	5	0.0	1.0
Dolina_Glinscice	45.619583	13.873778	130	4	0	4	0.0	1.0
Geteillon	46.356850	7.005067	2010	9	9	0	1.0	0.0
Sinlio	46.121950	7.039067	900	7	7	0	1.0	0.0
Liddes	45.984433	7.196783	1530	9	7	2	0.7777777777777778	0.2222222222222222
Bourg_St_Pierre	45.946183	7.212333	1780	6	5	1	0.8333333333333334	0.16666666666666666
Orsieres	46.029533	7.140733	990	9	9	0	1.0	0.0
Hauderes	46.081983	7.517500	1595	7	2	5	0.2857142857142857	0.7142857142857143
Euseigne	46.162883	7.440933	1020	7	1	6	0.14285714285714285	0.8571428571428571
Gandispitz	46.91725	8.512567	2013	6	6	0	1.0	0.0
Morano	39.847182	16.133714	585	4	0	4	0.0	1.0
Saracena	39.806289 	16.139899	909	4	0	4	0.0	1.0
Mt_Caramolo	39.798429	16.092498	1824	8	0	8	0.0	1.0
Mt_Serra_del_Prete	39.919789	16.158453	2181	6	0	6	0.0	1.0
Lac_des_Mesches	44.07035	7.51683	1453	16	15	1	0.9375	0.0625
Saint_Vallier_de_Thiey	43.7039	6.81506	900	16	0	16	0.0	1.0
Mont_Chiran	43.86301	6.32103	1705	7	0	7	0.0	1.0
Veaux	44.21972	5.2379	569	17	0	17	0.0	1.0
Ceuse	44.49908	5.9504	1803	19	16	3	0.8421052631578947	0.15789473684210525
Sahune	44.428779	5.277236	428	17	0	17	0.0	1.0
La_Sagne	44.81554	6.55708	1016	8	8	0	1.0	0.0
Brison	45.74356	5.88787	206	9	9	0	1.0	0.0
Monte_San_Salvatore	45.97535	8.94437	828	9	9	0	1.0	0.0
Monte_Caslano	45.96053	8.88331	332	8	8	0	1.0	0.0
Bre	46.015366	8.997327	843	8	8	0	1.0	0.0
Weissenbach	46.78907	11.34521	1774	9	9	0	1.0	0.0
Polsa	45.76645	10.93891	1350	20	11	9	0.55	0.45
Rifugio_Graziani	45.79879	10.89384	1566	28	18	10	0.6428571428571429	0.35714285714285715
Forte_San_Marco_Low	45.58667	10.82507	235	23	5	18	0.21739130434782608	0.782608695652174
Forte_San_Marco_High	45.60342	10.83646	500	26	8	18	0.3076923076923077	0.6923076923076923
Lumini	45.6323	10.78035	1051	25	11	14	0.44	0.56
Dinaric_Fortress	44.01656	16.41536	706	13	0	13	0.0	1.0
Dubrava	43.50821	16.62378	471	15	15	0	1.0	0.0
Vlaka	42.73623	18.10106	525	17	0	17	0.0	1.0
Kapetanovo_Jezero	42.81644	19.23043	1741	23	2	21	0.08695652173913043	0.9130434782608695
Mostar	43.24777	17.96645	827	19	19	0	1.0	0.0
Rotspitze	47.01897	12.24097	2070	4	0	4	0.0	1.0
Laserzsee	46.76672	12.80041	2232	3	0	3	0.0	1.0
Thumel	45.53495	7.10119	1940	9	9	0	1.0	0.0
Santis	47.25076	9.44518	1512	8	6	2	0.75	0.25
Poschiavo	46.39029	10.10207	1874	8	6	2	0.75	0.25
Kotor	42.42223	18.7855	629.7	16	14	2	0.875	0.125
Valbone	42.4101	19.8174	1530-1800	20	14	6	0.7	0.3
Tschessa_Granda	46.619239	9.995342	1700	8	7	1	0.875	0.125
Sneznik	45.565373	14.318294	1000	4	0	4	0.0	1.0
Komen	45.841944	13.772181	294	6	0	6	0.0	1.0
Ucka	45.2842	14.20205	1400	4	2	2	0.5	0.5
Vela_Draga	45.316517	14.169567	470	4	0	4	0.0	1.0
