this is observed data
no random seeds available

// observed locus fasta_locus
segsites: 88
positions: 34 55 71 80 92 112 116 129 138 163 178 236 242 243 256 257 291 304 369 408 411 425 447 466 480 483 493 497 506 530 586 594 605 613 628 631 634 638 649 650 657 661 669 670 672 673 677 678 683 684 692 698 716 732 733 747 752 754 772 774 785 788 791 812 822 824 829 831 836 871 878 894 898 932 933 966 989 990 1036 1046 1076 1081 1082 1100 1118 1122 1166 1169
0011011011010011111101001000110100011111011111111101100110110111000111111011011110000010
0011011011010011111101001000110100011111011111111101100110110111000111111010011110000010
0111011101011111111101011010110100010111010111111101111100101110011001010010100001111011
0111011101011111111101011010110100010111010111111101111100101110011001010010100001111011
0111011101111111111101011010110100010111010111111101111100101110011001010010100001111011
0111011101111111111101011010110100010111010111111101111100101110011001010010100001111011
0111011101011111111101011010110100010111010111111101111100101110011001010010100001111011
0111011101011111111101011010110100010111010111111101111100101110011001010010100001111011
0011011011011011111101001000110100011111011111111101100110110111000111111010011110000010
0011011011011011111101001000110100011111011111111101100110110111000111111010011110000010
0011011010011011111101001000110100011111011111111101100110110111000111111010011110000010
0111011101111111111101011010110100010111010111111101111100101110011001010010100001111011
0011011011011011111101001000110100111111011111111101100110110111000111111010011110000010
0011011011011011111101001000110100111111011111111101100110110111000111111010011110000010
0011011011011011111101001100110100011111011111111101100010110011000011111010011110000010
0011011011011011111101001100110100011111011111111101100010110011000011111010011110000010
0011011011011011111101001000110100011111011111110101100110110111000111111010011110000010
0011011011011011111101001000110100011111011111110101100110110111000111111010011110000010
0011011011011011111101001000111100011111011111111101100110110111000111111010011110000010
0011011011011011111101001000111100011111011111111101100110110111000111111010011110000010
0011011011011011111101001000110100001111011111111101100110110111000111111010011110000010
0011011011011011111101001000110100001111011111111101100110110111000111111010011110000010
0000111111011011111101011001110100010111010110101101000110010111100011101000011110000010
0000111111011011111101011001110100010111010110101101000110010111100011101000011110000010
0011011011011011111101001000110100011111011111111101100010110011000011111110011110000010
0011011011011011111101001000110100011111011111111101100010110011000011111110011110000010
0111011101011111111101011010110100010111010111111101111100101110011001010010100001111011
0111011101011111111101011010110100010111010111111101111100101110011001010010100001111011
0011011011011011111101001000110100011111011111111101100110110111000111111010011110000010
0011011011011011111101001000110100011111011111111101100110110111000111111010011110000010
0011011011011011111101001000110100011111011111111101100110110111000111111010011110000010
0011011011011011111101001000110100011111011111111101100110110111000111111010011110000010
0011011010011011111101001000110100011111011111111101100110110111000111111010011110000010
0011011011011011111101001000110100011111011111111101100010110011000011111110011110000010
0000111111011011111101011001110100010111010110101101000110010111100011101000011110000010
0011011010011011111101001000110100011111011101111101100110110111000111111010011110000010
0011011011011011111100011000110100010011000111111101100010110011000011111010011110000010
0011011011011011111100011000110100010011000111111101100010110011000011111010011110000010
0011011010011011111101001000110100011111011111111101100110110111000111111010011110000010
0011011010011011111101001000110100011111011111111101100110110111000111111010011110000010
0000111111011011111101011001110100010011000111111101100010110011000011111010011110000010
0000111111011011111101011001110100010011000111111101100010110011000011111010011110000010
0011011010011011111101001000110100011111011111111101100110110111000111111010011110000010
0011011010011011111101001000110100011111011111111101100110110111000111111010011110000010
0111011101011111111101011010110100010111010111111101111100101110011001010010100001111011
0111011101011111111101011010110100010111010111111101111100101110011001010010100001111011
0011011011011011111101001000110100001111011111111101100110110111000111111010011110000010
0011011011011011111101001000110100001111011111111101100110110111000111111010011110000010
0111011101011111111101011010110100010111010111111101111100101110011001010010100001111011
0111011101011111111101011010110100010111010111111101111100101110011001010010100001111011
0111011101011111111101011010110100010111010111111101111100101110011001010010100001111011
0111011101011111111101011010110100010111010111111101111100101110011001010010100001111011
0111011101011111111101011010110100010111010111111101111100101110011001010010100001111011
0111011101011111111101011010110100010111010111111101111100101110011001010010100001111011
0111011101011111111101011010110100010111010111111101111100101110011001010010100001111011
0111011101011111111101011010110100010111010111111101111100101110011001010010100001111011
0111011101011111111101011010110100010111010111111101111100101110011001010010100001111011
0111011101011111111101011010110100010111010111111101111100101110011001010010100001111011
0111011101011111111101011010110100010111010111111101111100101110011001010010100001111011
0111011101011111111101011010110100010111010111111101111100101110011001010010100001111011
0111011101011111111101011010110100010111010111111101111100101110011001010010100001111011
0111011101011111111101011010110100010111010111111101111100101110011001010010100001111011
0111011101011111111101011010110100010111010111111101111100101110011001010010100001111011
0111011101011011101001001000110000010111111011111101110100101110011001010010100001111011
0111011101011111111101011010110100010111010111111101111100101110011001010010100001111011
0111011101011111111101011010110100010111010111111101111100101110011001010010100001111011
0011011010011010111101001000110100011111011111111101100110110011000011111010011110000010
0011011010011010111101001000110100011111011111111101100110110011000011111010011110000010
0111010101011011111101011001110100010111010110101101000110110111000011101000100001111010
0001011010011011110101011000000100010101010111101101100110110111000010111010011110000010
0000111111011011111101011001110100010111010110101101000110010111100011101000011110000010
0000111111011011111101011001110100010111010110101101000110010111100011101000011110000010
0011011010011011111101011000110100010011000111111101100010110011000011111010011110000010
0011011010011011111101011000110100010011000111111101100010110011000011111010011110000010
0011011011011011111101001000110100011111011111111101100010110011000011111010011110000010
0011011011011011111101001000110100011111011111111101100010110011000011111010011110000010
0011011010011011111101011000110100010011000111111101100010110011000011111010011110000010
0011011010011011111101011000110100010011000111111101100010110011000011111010011110000010
0111011101011111111101011010110100010111010111111101111100101110011001010010100001111011
0111011101011111111101011010110100010111010111111101111100101110011001010010100001111011
0011011010011011111101001000110100011111011111111101100110110111000111111010011110000010
0011011010011011111101001000110100011111011111111101100110110111000111111010011110000010
0011011010011011111101011000110100010111010111111011100110110011000011111010011110000010
0011011011011011011101010000110100010111010111111001100110110001000011111010011110000010
0000111111011011111101011001110100010011000111111101100010110011000011111010011110000010
0000111111011011111101011001110100010011000111111101100010110011000011111010011110000010
0111011101011111111101011010110100010111010111111101111100101110011001010010100001111011
0111011101011111111101011010110100010111010111111101111100101110011001010010100001111011
0000111111011011111101011001110100010011000111111101100010110011000011111010011110000010
0000111111011011111101011001110100010011000111111101100010110011000011111010011110000010
0111011101011111111101011010110100010111010111111101111100101110011001010010100001111011
0111011101011111111101011010110100010111010111111101111100101110011001010010100001111011
0000111111011011111101011001110100010011000111111101100010110011000011111010011110000010
0000111111011011111101011001110100010011000111111101100010110011000011111010011110000010
0011011011011011111101001000110100001111011111111101100110110111000111111010011110000010
0011011011011011111101001000110100001111011111111101100110110111000111111010011110000010
0011011010011011011101010000110100010111010111111001100110110011000011111010011110000010
0011011010011011011101010000110100010111010111111001100110110011000011111010011110000010
0000111111011011111101011001110100010011000111111101100010110011000011111010011110000010
0000111111011011111101011001110100010011000111111101100010110011000011111010011110000010
0011011010011011111101001000110100011111011111111101100110110111000111111010011110000010
0011011010011011111101001000110100011111011111111101100110110111000111111010011110000010
0011011011011011111101001000110100011111011111110101100110110111000111111010011110000010
0011011011011011111101001000110100011111011111110101100110110111000111111010011110000010
0011001011011011111101001000110100011111011111111101100110110111000011111010011110000010
0011001011011011111101001000110100011111011111111101100110110111000011111010011110000010
0011011010011011111101011000110100010011000111111101100010110011000111111010011110000010
0011011010011011111101011000110100010011000111111101100010110011000111111010011110000010
0011011011010011111101001000110100011111011111111101100110110111000111111011011110000010
0011011011010011111101001000110100011111011111111101100110110111000111111011011110000010
0011011011011011111101001000110100011111011111111101100110110111000111111010011110000010
0011011011011011111101001000110100011111011111111101100110110111000111111010011110000010
0111011101011111111101011010110100010111010111111101111100101110011001010010100001111011
0111011101011111111101011010110100010111010111111101111100101110011001010010100001111011
1011011111011011111101111000110100110111010111110100100111110111000011111010011110000001
1011011111011011111101111000110100110111010111110100100111110111000011111010011110000001
0011011010011010111101001000110100011111011111111101100110110011000011111010011110000010
0011011010011010111101001000110100011111011111111101100110110011000011111010011110000010
0011011011011011111101001000110100011111011111111101100010110011000011111110011110000010
0011011010011011111101011000110100010011000111111101100010110011000011111010011110000010
0011011011011011111100011000110100010011000111111101100010110011000011111010011110000010
0011011011011011111100011000110100010011000111111101100010110011000011111010011110000010
0111011101011111111101011010110100010111010111111101111100101110011001010010100001111011
0111011101011111111101011010110100010111010111111101111100101110011001010010100001111011
0111011101011111111101011010110100010111010111111101111100101110011001010010100001111011
0111011101011111111101011010110100010111010111111101111100101110011001010010100001111011
0111011101011111111101011010110100010111010111111101111100101110011001010010100001111011
0111011101011111111101011010110100010111010111111101111100101110011001010010100001111011
0111011101011111111101011010110100010111010111111101111100101110011001010010100001111011
0011011011011011111101011010110100010111010111111101111100101110011001010010100001111011
0111011101011111111101011010110100010111010111111101111100101110011001010010100001111011
0111011101011111111101011010110100010111010111111101111100101110011001010010100001111011
0111011101011111111101011010110100010111010111111101111100101110011001010010100001111011
0111011101011111111101011010110100010111010111111101111100101110011001010010100001111011
0011011010011011111101011000110100010111010111111001100110110011000011111010011110000010
0011011010011011111101011000110100010111010111111001100110110011000011111010011110000010
0011011011001011111101011000110100011111011111111101100110110111000011111010011110000010
0011011011001011111101011000110100011111011111111101100110110111000011111010011110000010
0111011101011111111101011010110100010111010111111101111100101110011001010010100001111011
0111011101011111111101011010110100010111010111111101111100101110011001010010100001111011
0011011010011011111101001000110100011111011101111101100110110111000111111010011110000010
0011011011011011111111001000110100011111011111111101100010110011000011111010011110000010
0111011101011111111101011010110100010111010111111101111100101110011001010010100001111011
0111011101011111111101011010110100010111010111111101111100101110011001010010100001111011
0111011101011111111101011010110100010111010111111101111100101110011001010010100001111011
0111011101011111111101011010110100010111010111111101111100101110011001010010100001111011
0111011101011111111101011010110100010111010111111101111100101110011001010010100001111011
0111011101011111111101011010110100010111010111111101111100101110011001010010100001111011
0111011101011111111101011010110100010111010111111101111100101110011001010010100001111011
0111011101011111111101011010110100010111010111111101111100101110011001010010100001111011
0111011101011111111101011010110100010111010111111101111100101110011001010010100001111011
0111011101011111111101011010110100010111010111111101111100101110011001010010100001111011
0011011010011010111101001000110100011111011111111101100110110011000011111010011110000010
0011011010011010111101001000110100011111011111111101100110110011000011111010011110000010
0111011101011111111101011010110100010111010111111101111100101110011001010010100001111011
0111011101011111111101011010110100010111010111111101111100101110011001010010100001111011
0111011101011111111101011010110100010111010111111101111100101110011001010010100001111011
0111011101011111111101011010110100010111010111111101111100101110011001010010100001111011
0111011101011111111101011010110100010111010111111101111100101110011001010010100001111011
0111011101011111111101011010110100010111010111111101111100101110011001010010100001111011
0111011101011111111101011010110100010111010111111101111100101110011001010010100001111011
0111011101011011111101011010110100010111010111111101111100101110011001010010100001111011
0111011101011111111101011010110101010111010111111101111100101110011001010010100001111011
0111011101011111111101011010110100010111010111111101111100101110011001010010100001111011
0111011101011111111101011010110100010111010111111101111100101110011001010010100001111011
0111011101011111111101011010110100010111010111111101111100101110011001010010100001111011
0111011101011111111101011010110100010111010111111101111100101110011001010010100001111011
0111011101011111111101011010110100010111010111111101111100101110011001010010100001111011
0111011101011111111101011010110100010111010111111101111100101110011001010010100001111011
0111011101011111111101011010110100010111010111111101111100101110011001010010100001111011
0111011101011111111101011010110100010111010111111101111100101110011001010010100001111011
0111011101011111111101011010110100010111010111111101111100101110011001010010100001111011
1011011111011011111101111000110100110111010111110100100111110111000011111010011110000001
1011011111011011111101111000110100110111010111110100100111110111000011111010011110000001
0000111111011011111101011001110100010111010110101101000110010111000011111010011110000010
0000111111011011111101011001110100010111010110101101000110010111000011111010011110000010
0111011101011111111101011010110100010111010111111101111100101110011001010010100001111011
0111011101011111111101011010110100010111010111111101111100101110011001010010100001111011
0000111111011011111101011001110100010111010110101101000110010111100011101000011110000010
0000111111011011111101011001110100010111010110101101000110010111100011101000011110000010
0111011101011111111101011010110100010111010111111101111100101110011001010010100001111011
0111011101011111111101011010110100010111010111111101111100101110011001010010100001111011
0111011101011111111101011010110100010111010111111101111100101110011001010010100001111011
0111011101011111111101011010110100010111010111111101111100101110011001010010100001111011
0000111111011011111101011010110100010111010111111101111100101110011001010010100001111011
0000111111011011111101011010110100010111010111111101111100101110011001010010100001111011
0111011101011111111101011010110100010111010111111101111100101110011001010010100001111011
0111011101011111111101011010110100010111010111111101111100101110011001010010100001111011
0000111111011011111101011001110100010011000111111101100010110011000011111010011110000010
0000111111011011111101011001110100010011000111111101100010110011000011111010011110000010
0011011010011011111101001000110100011111011111011101100110110111000111111010011110000010
0011011010011011111101001000110100011111011111011101100110110111000111111010011110000010
0011011010011011111101001000110100011111011111111101100110110111000111111010011110000010
0011011010011011111101001000110100011111011111111101100110110111000111111010011110000010
0000111111011011111101011001110100010011000111111101100010110011000011111010011110000010
0000111111011011111101011001110100010011000111111101100010110011000011111010011110000010
0011011011011011111100011000110100010011000111111101100010110011000011111010011110000010
0011011011011011111100011000110100010011000111111101100010110011000011111010011110000010
0011011010011011111101001000110110011111011111111101100010110011000011111010011110000010
0011011010011011111101001000110100011111011111011101100110110111000111111010011110000010
0011011011011011111101001000110100011111011111111101100110110111000111111010011110000010
0011011010010011111101001000110100011111011101111101100110110111000111111010011110000110
0011011011011011111100011000110100010011000111111101100010110011000011111010011110000010
0011011011011011111100011000110100010011000111111101100010110011000011111010011110000010
0011011011011011111101001000110100011111011111111101100110110111000011111010011110000010
0011011011011011111101001000110100011111011111111101100110110111000011111010011110000010
0011011011011011111101011000110100010011000111111101100010110011000011111010011110000010
0011011011011011111101011000110100010011000111111101100010110011000011111010011110000010
0011011011011001111100011000110100010011000111111101100010110011000011111010011110000010
0011011011011001111100011000110100010011000111111101100010110011000011111010011110000010
0011011011011011111100011000110100010011000111111101100010110011000011111010011110000010
0011011011011011111100011000110100010011000111111101100010110011000011111010011110000010
0011011011011011111101001000110100011110011111111101100110110111000011111010011110000010
0011011011011011111101001000110100011110011111111101100110110111000011111010011110000010
0011011010011010111101001000110100011111011111111101100110110011000011111010011110000010
0011011010011010111101001000110100011111011111111101100110110011000011111010011110000010
0011011011011011111101001000110100011111011111111101100110110111000111111010011110000010
0011011011011011111101001000110100011111011111111101100110110111000111111010011110000010
0011011011011011111100011000110100010011000111111101100010110011000011111010011110000010
0011011011011011111100011000110100010011000111111101100010110011000011111010011110000010
0000111111011011111101011001110100010011000111111101100010110011000011111010011110000010
0011011010011011111101001000110110011111011111111101100010110011000011111010011110000010
0011011011011011111100011000110100010011000111111101100010110011000011111010011110000010
0011011011011011111100011000110100010011000111111101100010110011000011111010011110000010
0111011101011111111101011010110100010111010111111101111100101110011001010010100001111011
0111011101011111111101011010110100010111010111111101111100101110011001010010100001111011

