1740
1866
1867
1868
1869
1870
1871
1872
1873
1874
1875
1876
2053
2054
2055
2056
2057
2074
2093
2094
3159
3169
3170
3171
3181
3182
3183
3184
3185
3186
3187
3188
3301
6516
6517
6668
6669
8205
9808
9809
11054
11055
11056
11544
13072
15606
15607
15608
15609
15610
15611
15612
15613
15614
15759
15760
15761
15762
17555
18333
18339
18340
18341
18342
18343
19944
19945
19946
19947
19948
21103
21104
21105
22488
22495
22504
22505
22949
22950
22951
23187
24102
24108
25733
25734
25864
25865
25866
25867
25868
25869
26008
26859
26883
26884
26885
27335
28364
28424
28425
28737
28764
29070
29071
29072
31345
31346
31347
31348
31807
31808
32553
32554
32555
32561
32562
32563
32564
33631
33632
34402
34403
34404
34405
34758
35020
35021
35022
35028
36327
36328
36329
36330
37016
37017
37018
37035
37036
37804
38187
38188
38189
38932
38933
38934
38935
38936
38937
38938
38939
38940
38941
38942
38943
39140
40216
40217
40218
40219
40229
40230
40231
41777
41783
42275
42276
42277
42278
42279
42280
42281
42282
42283
42284
42285
42286
42293
42294
42295
42296
42297
42304
42305
42306
44113
45967
45968
45969
45970
45971
45972
45973
45974
46211
47444
48272
48273
48274
48275
48832
48833
48834
48835
50956
51102
51103
51104
51105
51106
51107
51108
51546
51893
51894
52241
52256
52257
52258
52259
52260
52749
53681
53682
53683
54659
54660
55043
55044
55045
55046
55140
55679
55680
55681
56490
56491
56492
56493
56494
58554
60304
60305
60633
61033
61395
61396
61490
63938
63939
65336
65337
65401
65691
65692
66039
66052
66053
66054
66055
66803
66804
66805
67008
67416
67417
67457
67458
67459
67718
67719
67720
67721
67722
67723
67724
67725
67726
67727
67728
67729
67730
67731
67732
67733
67734
68834
70342
70343
71126
71127
71128
71129
71130
71131
72298
72299
72300
73418
73419
73812
73822
74697
75377
75512
76021
76022
76023
76034
76035
76773
76774
78651
79208
79209
80505
80506
80507
80595
80596
80597
81029
81030
81273
81681
81693
85823
85824
86141
86142
86360
86524
86525
87503
87504
87505
87506
87507
87666
88389
88390
88833
88834
88900
88901
89916
89917
89918
90647
90648
90649
90650
90818
90826
90827
91532
92266
92267
92268
92269
92270
92271
92917
92918
92919
93033
93162
93163
93164
93165
94337
94338
94339
94340
94341
94713
94714
95245
95246
95247
95991
96853
96854
96855
96856
96857
97424
98095
99394
99622
99623
99624
99625
99713
99954
99955
99956
99957
101364
104230
104231
104232
104233
104234
104235
104236
104237
104238
104239
104240
104290
104291
104292
104293
104294
104295
105073
105695
107101
107443
107444
107450
107451
107812
109904
109905
110376
110377
110378
110845
110846
110847
110848
112689
112690
113166
113167
113168
113783
113784
113785
113786
113787
113788
113789
113790
113791
113792
113793
113794
113795
113796
113797
113798
113799
113800
113806
113807
113808
113809
113810
113811
113812
113813
113814
113815
113816
113817
113818
113819
113820
113821
113822
113823
113824
113825
113826
113827
113828
113829
113830
113831
113832
113833
113834
113835
113836
113837
113838
113839
113840
113841
113842
113843
113844
113845
113846
113847
113848
113849
113850
113851
113862
113863
113864
113865
113866
113872
113873
113874
113875
113876
113877
113878
113879
113880
113881
113882
113883
113884
113885
113886
115159
115160
115167
115594
115595
117629
117630
117631
117632
117633
117639
117640
117641
117642
117643
117661
117662
117663
117664
117665
118396
118397
118555
118572
118573
118582
118583
118584
118585
118586
118587
118599
118600
118601
118602
118603
118633
118634
118635
118636
118637
118672
118687
118688
118689
118709
118710
118711
118712
118718
118719
118776
118777
118778
119260
119261
119262
119263
119264
119265
119266
119267
119268
119269
119270
119271
119272
119273
119280
119297
119313
119314
119315
119323
119324
119364
119383
119384
119385
119386
119387
119395
119396
119403
120073
120074
120075
120498
120920
120921
121013
121014
121015
121016
121430
122101
122102
122103
122104
123283
123292
124233
125324
125325
125326
125327
125328
125343
125344
128810
128811
128812
128813
128814
128815
128816
129770
133192
133193
133626
133627
134037
134038
134039
134040
134041
134042
134144
134145
134155
