1741
1867
1868
1869
1870
1871
1872
1873
1874
1875
1876
1877
2054
2055
2056
2057
2058
2075
2094
2095
3160
3170
3171
3172
3182
3183
3184
3185
3186
3187
3188
3189
3302
6517
6518
6669
6670
8206
9809
9810
11055
11056
11057
11545
13073
15607
15608
15609
15610
15611
15612
15613
15614
15615
15760
15761
15762
15763
17556
18334
18340
18341
18342
18343
18344
19945
19946
19947
19948
19949
21104
21105
21106
22489
22496
22505
22506
22950
22951
22952
23188
24103
24109
25734
25735
25865
25866
25867
25868
25869
25870
26009
26860
26884
26885
26886
27336
28365
28425
28426
28738
28765
29071
29072
29073
31346
31347
31348
31349
31808
31809
32554
32555
32556
32562
32563
32564
32565
33632
33633
34403
34404
34405
34406
34759
35021
35022
35023
35029
36328
36329
36330
36331
37017
37018
37019
37036
37037
37805
38188
38189
38190
38933
38934
38935
38936
38937
38938
38939
38940
38941
38942
38943
38944
39141
40217
40218
40219
40220
40230
40231
40232
41778
41784
42276
42277
42278
42279
42280
42281
42282
42283
42284
42285
42286
42287
42294
42295
42296
42297
42298
42305
42306
42307
44114
45968
45969
45970
45971
45972
45973
45974
45975
46212
47445
48273
48274
48275
48276
48833
48834
48835
48836
50957
51103
51104
51105
51106
51107
51108
51109
51547
51894
51895
52242
52257
52258
52259
52260
52261
52750
53682
53683
53684
54660
54661
55044
55045
55046
55047
55141
55680
55681
55682
56491
56492
56493
56494
56495
58555
60305
60306
60634
61034
61396
61397
61491
63939
63940
65337
65338
65402
65692
65693
66040
66053
66054
66055
66056
66804
66805
66806
67009
67417
67418
67458
67459
67460
67719
67720
67721
67722
67723
67724
67725
67726
67727
67728
67729
67730
67731
67732
67733
67734
67735
68835
70343
70344
71127
71128
71129
71130
71131
71132
72299
72300
72301
73419
73420
73813
73823
74698
75378
75513
76022
76023
76024
76035
76036
76774
76775
78652
79209
79210
80506
80507
80508
80596
80597
80598
81030
81031
81274
81682
81694
85824
85825
86142
86143
86361
86525
86526
87504
87505
87506
87507
87508
87667
88390
88391
88834
88835
88901
88902
89917
89918
89919
90648
90649
90650
90651
90819
90827
90828
91533
92267
92268
92269
92270
92271
92272
92918
92919
92920
93034
93163
93164
93165
93166
94338
94339
94340
94341
94342
94714
94715
95246
95247
95248
95992
96854
96855
96856
96857
96858
97425
98096
99395
99623
99624
99625
99626
99714
99955
99956
99957
99958
101365
104231
104232
104233
104234
104235
104236
104237
104238
104239
104240
104241
104291
104292
104293
104294
104295
104296
105074
105696
107102
107444
107445
107451
107452
107813
109905
109906
110377
110378
110379
110846
110847
110848
110849
112690
112691
113167
113168
113169
113784
113785
113786
113787
113788
113789
113790
113791
113792
113793
113794
113795
113796
113797
113798
113799
113800
113801
113807
113808
113809
113810
113811
113812
113813
113814
113815
113816
113817
113818
113819
113820
113821
113822
113823
113824
113825
113826
113827
113828
113829
113830
113831
113832
113833
113834
113835
113836
113837
113838
113839
113840
113841
113842
113843
113844
113845
113846
113847
113848
113849
113850
113851
113852
113863
113864
113865
113866
113867
113873
113874
113875
113876
113877
113878
113879
113880
113881
113882
113883
113884
113885
113886
113887
115160
115161
115168
115595
115596
117630
117631
117632
117633
117634
117640
117641
117642
117643
117644
117662
117663
117664
117665
117666
118397
118398
118556
118573
118574
118583
118584
118585
118586
118587
118588
118600
118601
118602
118603
118604
118634
118635
118636
118637
118638
118673
118688
118689
118690
118710
118711
118712
118713
118719
118720
118777
118778
118779
119261
119262
119263
119264
119265
119266
119267
119268
119269
119270
119271
119272
119273
119274
119281
119298
119314
119315
119316
119324
119325
119365
119384
119385
119386
119387
119388
119396
119397
119404
120074
120075
120076
120499
120921
120922
121014
121015
121016
121017
121431
122102
122103
122104
122105
123284
123293
124234
125325
125326
125327
125328
125329
125344
125345
128811
128812
128813
128814
128815
128816
128817
129771
133193
133194
133627
133628
134038
134039
134040
134041
134042
134043
134145
134146
134156
