"Dsyl_CEN_selection_time" "Dsyl_CEN_selection_density" "Dsyl_TCF1_selection_time" "Dsyl_TCF1_selection_density" "Dcar_TCF1_selection_time" "Dcar_TCF1_selection_density" "Dcar_FT_selection_time" "Dcar_FT_selection_density"
-0.861610734275259 7.37004519953392e-06 -2.29614823515213 6.52921834465815e-06 -2.55450136571979 6.46523418433949e-06 -4.29065580785342 6.82940995882884e-06
-0.856022835119583 1.05344298541751e-05 -2.2866771070302 9.28204454132343e-06 -2.54545680068762 9.44505829542115e-06 -4.27638079490683 9.45173899505515e-06
-0.850434935963907 1.48323685692269e-05 -2.27720597890827 1.29879685059181e-05 -2.53641223565545 1.3543327584436e-05 -4.26210578196024 1.28980882010696e-05
-0.84484703680823 2.06104697009896e-05 -2.26773485078635 1.78943233552961e-05 -2.52736767062328 1.90677477054961e-05 -4.24783076901365 1.73608092367471e-05
-0.839259137652554 2.85664268490399e-05 -2.25826372266442 2.4285027688544e-05 -2.51832310559111 2.63687803709945e-05 -4.23355575606706 2.30569032422331e-05
-0.833671238496878 3.89865585015658e-05 -2.2487925945425 3.24783111506879e-05 -2.50927854055894 3.58318057274664e-05 -4.21928074312047 3.02260192694122e-05
-0.828083339341202 5.24128443342336e-05 -2.23932146642057 4.28221782775636e-05 -2.50023397552676 4.7864261948271e-05 -4.20500573017389 3.91269981078388e-05
-0.822495440185526 6.94392185271587e-05 -2.22985033829864 5.56873830529597e-05 -2.49118941049459 6.2877371587558e-05 -4.1907307172273 5.04089564921827e-05
-0.81690754102985 9.06988780623434e-05 -2.22037921017672 7.1579929832892e-05 -2.48214484546242 8.12623060582214e-05 -4.17645570428071 6.40908347321701e-05
-0.811319641874173 0.000116846949350947 -2.21090808205479 9.12308765703691e-05 -2.47310028043025 0.000103383750615208 -4.16218069133412 8.04087677843677e-05
-0.805731742718497 0.000148538566657582 -2.20143695393286 0.000114639086093128 -2.46405571539808 0.000130023159902609 -4.14790567838753 9.95784523125233e-05
-0.800143843562821 0.000186402566359689 -2.19196582581094 0.000142088633742858 -2.45501115036591 0.000160716992025741 -4.13363066544094 0.000121763566848824
-0.794555944407145 0.000231434726225618 -2.18249469768901 0.000173789488479226 -2.44596658533374 0.000195307960269297 -4.11935565249435 0.00014705917218974
-0.788968045251469 0.000284418936575286 -2.17302356956709 0.000209860833209159 -2.43692202030156 0.000233417878539503 -4.10508063954777 0.000175475366102948
-0.783380146095793 0.000344979081959088 -2.16355244144516 0.000250317853795259 -2.42787745526939 0.000274431215807879 -4.09080562660118 0.000206921785922276
-0.777792246940116 0.000413160684937303 -2.15408131332323 0.000295063182433569 -2.41883289023722 0.000317492283302412 -4.07653061365459 0.000241537156303032
-0.77220434778444 0.000488789606900233 -2.14461018520131 0.000343884143615109 -2.40978832520505 0.000361517959335032 -4.062255600708 0.000278475116556609
-0.766616448628764 0.000571454016211806 -2.13513905707938 0.000396794466646647 -2.40074376017288 0.000405227169401623 -4.04798058776141 0.000317144221076355
-0.761028549473088 0.000660494847417582 -2.12566792895746 0.000453030772334998 -2.39169919514071 0.000447187628139274 -4.03370557481482 0.000356881963977286
-0.755440650317412 0.000755005595494624 -2.11619680083553 0.000511921863957134 -2.38265463010854 0.000485215763324469 -4.01943056186823 0.000396932248591601
-0.749852751161736 0.000853842055074642 -2.1067256727136 0.000572978914986253 -2.37361006507636 0.000517975463321441 -4.00515554892164 0.000436471307030305
-0.744264852006059 0.000955734340932714 -2.09725454459168 0.000635773210018495 -2.36456550004419 0.00054421061603653 -3.99088053597505 0.000474639721233792
-0.738676952850383 0.00105857816556368 -2.08778341646975 0.00069998962475104 -2.35552093501202 0.000562873812514499 -3.97660552302847 0.000510580087308593
-0.733089053694707 0.0011605113484428 -2.07831228834783 0.000765481532649675 -2.34647636997985 0.000573242678609673 -3.96233051008188 0.000542922558187896
-0.727501154539031 0.00125976295150135 -2.0688411602259 0.000832325221193644 -2.33743180494768 0.000574974544272653 -3.94805549713529 0.000571261905922124
-0.721913255383355 0.00135457397125618 -2.05937003210397 0.000900933028562977 -2.32838723991551 0.000568140330129751 -3.9337804841887 0.000595264499819467
-0.716325356227679 0.00144324876697255 -2.04989890398205 0.000972512249177662 -2.31934267488334 0.000553235479778641 -3.91950547124211 0.000614760846857157
-0.710737457072002 0.00152420323151318 -2.04042777586012 0.0010481320209371 -2.31029810985116 0.000531166829559878 -3.90523045829552 0.000629849085889315
-0.705149557916326 0.00159600845337817 -2.03095664773819 0.00112948252078416 -2.30125354481899 0.000502806549284228 -3.89095544534893 0.000640917688406893
-0.69956165876065 0.00165742882722555 -2.02148551961627 0.00121864580062323 -2.29220897978682 0.000470584430482439 -3.87668043240235 0.000648659007330654
-0.693973759604974 0.00170568259050757 -2.01201439149434 0.00131807531272231 -2.28316441475465 0.000436549314559611 -3.86240541945576 0.000654073000276427
-0.688385860449298 0.00174161706291359 -2.00254326337242 0.00143056006970223 -2.27411984972248 0.000402629930966449 -3.84813040650917 0.000658629271576696
-0.682797961293622 0.00176497576677904 -1.99307213525049 0.0015591727917657 -2.26507528469031 0.000370720611528341 -3.83385539356258 0.000664477981051053
-0.677210062137946 0.00177573635521353 -1.98360100712856 0.00170720143927913 -2.25603071965814 0.000342597950528203 -3.81958038061599 0.000673590304024983
-0.671622162982269 0.00177416858648525 -1.97412987900664 0.00188059553000454 -2.24698615462596 0.000319847151254807 -3.8053053676694 0.000688056671413038
-0.666034263826593 0.00176083784570663 -1.96465875088471 0.00208279040489909 -2.23794158959379 0.000303800085287229 -3.79103035472281 0.000710055899764345
-0.660446364670917 0.00173660716348211 -1.95518762276279 0.00231548896362484 -2.22889702456162 0.000295486489887189 -3.77675534177622 0.000741800375257764
-0.654858465515241 0.00170263772145985 -1.94571649464086 0.00258134360137044 -2.21985245952945 0.000296389729940563 -3.76248032882964 0.000785481970577669
-0.649270566359565 0.00166015411917839 -1.93624536651893 0.00288239639966655 -2.21080789449728 0.000306431052925611 -3.74820531588305 0.000843220108847682
-0.643682667203889 0.00161094875408765 -1.92677423839701 0.00321990182756463 -2.20176332946511 0.000324969483343478 -3.73393030293646 0.000919349002536523
-0.638094768048212 0.00155812859951061 -1.91730311027508 0.00359415357450268 -2.19271876443294 0.000351455336166345 -3.71965528998987 0.001014594276142
-0.632506868892536 0.00150414079626014 -1.90783198215315 0.00400432246453938 -2.18367419940077 0.000385048192022637 -3.70538027704328 0.00112979391969255
-0.62691896973686 0.00145164594900001 -1.89836085403123 0.00444861208208514 -2.17462963436859 0.000424662472035296 -3.69110526409669 0.00126618420578287
-0.621331070581184 0.00140347763739324 -1.8888897259093 0.00492635007285776 -2.16558506933642 0.000469021610263031 -3.6768302511501 0.00142477101038958
-0.615743171425508 0.00136259387818123 -1.87941859778738 0.00542686598996406 -2.15654050430425 0.000516719141023803 -3.66255523820351 0.00160633608702512
-0.610155272269832 0.00133202111422789 -1.86994746966545 0.00594296004470009 -2.14749593927208 0.00056628467407909 -3.64828022525693 0.00181144914350502
-0.604567373114155 0.001314791537829 -1.86047634154352 0.00646626231211959 -2.13845137423991 0.000616159856102005 -3.63400521231034 0.0020404848249539
-0.598979473958479 0.00131549406343436 -1.8510052134216 0.00698748270398396 -2.12940680920774 0.00066467131427318 -3.61973019936375 0.00229651742591421
-0.593391574802803 0.00133733875682873 -1.84153408529967 0.00749672866780688 -2.12036224417557 0.000710659104819339 -3.60545518641716 0.00257779206074065
-0.587803675647127 0.00138162633013464 -1.83206295717775 0.00798388255578835 -2.11131767914339 0.000753195411584584 -3.59118017347057 0.00288304697667629
-0.582215776491451 0.0014504243380861 -1.82259182905582 0.00843902874097524 -2.10227311411122 0.000791582742840746 -3.57690516052398 0.00321204465392808
-0.576627877335775 0.00154539540496479 -1.81312070093389 0.00884885053672607 -2.09322854907905 0.000825356825922366 -3.56263014757739 0.00356446206913046
-0.571039978180099 0.00166775088166115 -1.80364957281197 0.00920420552175436 -2.08418398404688 0.000854276230717027 -3.5483551346308 0.0039398904742812
-0.565452079024422 0.00181821628588216 -1.79417844469004 0.00950316795096698 -2.07513941901471 0.000878301015486483 -3.53408012168422 0.00433782884179099
-0.559864179868746 0.00199701014498121 -1.78470731656811 0.00974310310949748 -2.06609485398254 0.000897563256060456 -3.51980510873763 0.00475767103025487
-0.55427628071307 0.0022038377896765 -1.77523618844619 0.00992389177283834 -2.05705028895037 0.000912116020025221 -3.50553009579104 0.00520090160958921
-0.548688381557394 0.00244107061639733 -1.76576506032426 0.010047977456746 -2.04800572391819 0.000922307784676886 -3.49125508284445 0.00566509680715389
-0.543100482401718 0.00270428651229851 -1.75629393220234 0.0101202843334271 -2.03896115888602 0.000928995172068132 -3.47698006989786 0.00614788538568707
-0.537512583246042 0.00299097963126262 -1.74682280408041 0.0101480055887866 -2.02991659385385 0.000932689040176726 -3.46270505695127 0.00664779008339382
-0.531924684090365 0.00329906227041141 -1.73735167595848 0.0101402651864417 -2.02087202882168 0.000933934257752239 -3.44843004400468 0.00716307134190542
-0.526336784934689 0.0036263282287293 -1.72788054783656 0.0101062509270845 -2.01182746378951 0.000933309160509151 -3.43415503105809 0.00769171670066771
-0.520748885779013 0.00397057893177019 -1.71840941971463 0.0100628175568248 -2.00278289875734 0.000931427724362868 -3.41988001811151 0.00823144078609221
-0.515160986623337 0.00432975602019705 -1.70893829159271 0.0100211260166039 -1.99373833372517 0.000928942546329483 -3.40560500516492 0.00877969757686386
-0.509573087467661 0.00470207553568705 -1.69946716347078 0.00999125539113582 -1.98469376869299 0.000926547013996394 -3.39132999221833 0.00933389346980134
-0.503985188311985 0.00508636643966309 -1.68999603534885 0.00998176171238832 -1.97564920366082 0.00092503827973983 -3.37705497927174 0.00989000340515837
-0.498397289156308 0.00548300432437856 -1.68052490722693 0.00999927746407876 -1.96660463862865 0.000925478777865493 -3.36277996632515 0.0104446583672857
-0.492809390000632 0.00589066969186531 -1.671053779105 0.0100482315755655 -1.95756007359648 0.000928605738929867 -3.34850495337856 0.010994942866487
-0.487221490844956 0.00631026902097989 -1.66158265098308 0.0101307015817508 -1.94851550856431 0.000935281724599823 -3.33422994043197 0.0115381959139012
-0.48163359168928 0.00674337593630044 -1.65211152286115 0.0102483800681772 -1.93947094353214 0.000946415127376778 -3.31995492748539 0.0120721535677398
-0.476045692533604 0.00719215660703195 -1.64264039473922 0.0103980111583481 -1.93042637849997 0.00096297801787543 -3.3056799145388 0.0125950965797432
-0.470457793377928 0.00765925455971572 -1.6331692666173 0.0105715439237514 -1.92138181346779 0.000986030830592174 -3.29140490159221 0.0131059991347111
-0.464869894222251 0.0081476382969166 -1.62369813849537 0.0107627657820356 -1.91233724843562 0.00101675190841718 -3.27712988864562 0.0136036568143254
-0.459281995066575 0.00866041624942169 -1.61422701037344 0.0109649716184594 -1.90329268340345 0.00105646906652876 -3.26285487569903 0.0140899566990808
-0.453694095910899 0.00920252780981595 -1.60475588225152 0.0111714453531513 -1.89424811837128 0.00110690625252183 -3.24857986275244 0.0145684689556231
-0.448106196755223 0.00977788479834648 -1.59528475412959 0.011375903729465 -1.88520355333911 0.00117146825275249 -3.23430484980585 0.0150430622118538
-0.442518297599547 0.0103857243352883 -1.58581362600767 0.0115728849849404 -1.87615898830694 0.0012508834384269 -3.22002983685926 0.0155186816598823
-0.436930398443871 0.0110267347051327 -1.57634249788574 0.0117580671275722 -1.86711442327477 0.00134732998729012 -3.20575482391268 0.0160012340914549
-0.431342499288195 0.0117005239703284 -1.56687136976381 0.0119263323406964 -1.85806985824259 0.0014630702575124 -3.19147981096609 0.016497421638783
-0.425754600132518 0.0124055386075619 -1.55740024164189 0.0120784989691332 -1.84902529321042 0.0016003573024128 -3.1772047980195 0.0170145257804582
-0.420166700976842 0.0131390386446801 -1.54792911351996 0.0122157991347734 -1.83998072817825 0.00176132037566409 -3.16292978507291 0.0175635002136054
-0.414578801821166 0.0138971312939556 -1.53845798539804 0.0123405261663382 -1.83093616314608 0.00194783324237622 -3.14865477212632 0.0181535380235516
-0.40899090266549 0.0146748634002153 -1.52898685727611 0.0124560742574153 -1.82189159811391 0.00216136982925954 -3.13437975917973 0.018788893121402
-0.403403003509814 0.0154669100839579 -1.51951572915418 0.0125667110053079 -1.81284703308174 0.00240285243661422 -3.12010474623314 0.0194749667274441
-0.397815104354138 0.0162642943677763 -1.51004460103226 0.0126773291366979 -1.80380246804957 0.00267622370398721 -3.10582973328655 0.0202157585415512
-0.392227205198461 0.0170594439249469 -1.50057347291033 0.0127931869316058 -1.79475790301739 0.00297641267049733 -3.09155472033997 0.0210136361053585
-0.386639306042785 0.0178454424416887 -1.49110234478841 0.0129205588695178 -1.78571333798522 0.0033011074688875 -3.07727970739338 0.021869165299593
-0.381051406887109 0.0186157102455728 -1.48163121666648 0.0130664904681996 -1.77666877295305 0.00364691344605753 -3.06300469444679 0.0227810085076389
-0.375463507731433 0.0193642190695005 -1.47216008854455 0.013234249265732 -1.76762420792088 0.00400931574465031 -3.0487296815002 0.0237495647887987
-0.369875608575757 0.0200856690920567 -1.46268896042263 0.0134273906593044 -1.75857964288871 0.00438272807864912 -3.03445466855361 0.0247676756513622
-0.364287709420081 0.0207756236123278 -1.4532178323007 0.0136485422412888 -1.74953507785654 0.00476060050349434 -3.02017965560702 0.0258231092367154
-0.358699810264404 0.0214305985054757 -1.44374670417877 0.0138993034576377 -1.74049051282437 0.00513558962010679 -3.00590464266043 0.0269070220097567
-0.353111911108728 0.0220423193451404 -1.43427557605685 0.0141801834760862 -1.7314459477922 0.00549979286952642 -2.99162962971384 0.0280098379151172
-0.347524011953052 0.0226150647817396 -1.42480444793492 0.0144905793772049 -1.72240138276002 0.00584153573956515 -2.97735461676726 0.0291215995030624
-0.341936112797376 0.0231488607456442 -1.415333319813 0.0148287965775375 -1.71335681772785 0.00615361921947467 -2.96307960382067 0.0302323144256735
-0.3363482136417 0.0236445605507095 -1.40586219169107 0.0151945888061984 -1.70431225269568 0.00642961903558363 -2.94880459087408 0.0313322871206467
-0.330760314486024 0.0241038139652518 -1.39639106356914 0.0155809342466603 -1.69526768766351 0.00666402416493437 -2.93452957792749 0.0324102586674863
-0.325172415330347 0.0245290301967589 -1.38691993544722 0.0159825536225364 -1.68622312263134 0.00685298235906434 -2.9202545649809 0.0334555944520245
-0.319584516174671 0.0249233545560815 -1.37744880732529 0.0163946498384943 -1.67717855759917 0.0069945814412795 -2.90597955203431 0.0344640122281877
-0.313996617018995 0.0252906587794895 -1.36797767920337 0.0168124904065552 -1.668133992567 0.00708903908530503 -2.89170453908772 0.0354306282112655
-0.308408717863319 0.0256348762809056 -1.35850655108144 0.0172317163327797 -1.65908942753482 0.00713878618784019 -2.87742952614113 0.0363518694938067
-0.302820818707643 0.0259618004412014 -1.34903542295951 0.0176486595881858 -1.65004486250265 0.00714843316602472 -2.86315451319455 0.0372254456268989
-0.297232919551967 0.0262803279401569 -1.33956429483759 0.0180606602917552 -1.64100029747048 0.0071223345016893 -2.84887950024796 0.0380502887650008
-0.29164502039629 0.0265976943470218 -1.33009316671566 0.0184661566858305 -1.63195573243831 0.00707311241266788 -2.83460448730137 0.0388264672414644
-0.286057121240614 0.0269217577454076 -1.32062203859373 0.0188657521219197 -1.62291116740614 0.00701201532699586 -2.82032947435478 0.039552180483989
-0.280469222084938 0.0272608965231381 -1.31115091047181 0.0192636055352038 -1.61386660237397 0.00694946661144452 -2.80605446140819 0.0402286756483916
-0.274881322929262 0.0276238787537277 -1.30167978234988 0.0196652639184224 -1.6048220373418 0.00689581432096565 -2.7917794484616 0.0408638946636993
-0.269293423773586 0.0280197075035111 -1.29220865422796 0.0200783312638043 -1.59577747230962 0.00686089551458947 -2.77750443551501 0.0414615003154253
-0.26370552461791 0.0284574477899259 -1.28273752610603 0.0205123414589842 -1.58673290727745 0.00685366653728691 -2.76322942256843 0.0420255417489712
-0.258117625462233 0.0289513341886079 -1.2732663979841 0.0209785319867289 -1.57768834224528 0.00688191564528143 -2.74895440962184 0.0425603705607841
-0.252529726306557 0.0295107584682988 -1.26379526986218 0.0214895186081259 -1.56864377721311 0.00695206967273352 -2.73467939667525 0.0430705767434619
-0.246941827150881 0.0301402053929636 -1.25432414174025 0.0220588730633346 -1.55959921218094 0.00707336739087968 -2.72040438372866 0.0435609462397146
-0.241353927995205 0.0308467689623049 -1.24485301361833 0.0227105722474443 -1.55055464714877 0.007248375621304 -2.70612937078207 0.0440359722061739
-0.235766028839529 0.0316368722887324 -1.2353818854964 0.0234559097979061 -1.5415100821166 0.00747604075716978 -2.69185435783548 0.0445018681294071
-0.230178129683853 0.032516303335046 -1.22591075737447 0.0243033753563437 -1.53246551708442 0.00775703572785642 -2.67757934488889 0.044965843365901
-0.224590230528177 0.0334902940309655 -1.21643962925255 0.0252623033584218 -1.52342095205225 0.00809134984861134 -2.6633043319423 0.0454339415070979
-0.2190023313725 0.0345636351164213 -1.20696850113062 0.0263391645008631 -1.51437638702008 0.00847853651912084 -2.64902931899572 0.0459127107146946
-0.213414432216824 0.0357408169956957 -1.1974973730087 0.0275370644055211 -1.50533182198791 0.00891794909796523 -2.63475430604913 0.0464092947579157
-0.207826533061148 0.0370408930310236 -1.18802624488677 0.0288553632888112 -1.49628725695574 0.00940895494711753 -2.62047929310254 0.0469315097793227
-0.202238633905472 0.038457267718098 -1.17855511676484 0.0302894384982305 -1.48724269192357 0.00995111938227853 -2.60620428015595 0.0474878995113847
-0.196650734749796 0.039992295416107 -1.16908398864292 0.0318331457460891 -1.4781981268914 0.0105477395591736 -2.59192926720936 0.0480905349389784
-0.19106283559412 0.0416505801370342 -1.15961286052099 0.0334789457224558 -1.46915356185922 0.0111999137273872 -2.57765425426277 0.0487560108873935
-0.185474936438443 0.0434366541299119 -1.15014173239906 0.035195548975411 -1.46010899682705 0.0119049620117322 -2.56337924131618 0.0494901561409056
-0.179887037282767 0.0453547564286516 -1.14067060427714 0.0369628185621803 -1.45106443179488 0.0126644608129455 -2.54910422836959 0.0503041072695781
-0.174299138127091 0.0474085413773194 -1.13119947615521 0.0387593755080729 -1.44201986676271 0.0134803166677383 -2.53482921542301 0.0512088772998499
-0.168711238971415 0.0496007294986189 -1.12172834803329 0.04056359740664 -1.43297530173054 0.0143546164762003 -2.52055420247642 0.0522149999790571
-0.163123339815739 0.0519359275131556 -1.11225721991136 0.0423546474959114 -1.42393073669837 0.0152894415497526 -2.50627918952983 0.0533321434766522
-0.157535440660063 0.0544273052352717 -1.10278609178943 0.0441134934844817 -1.4148861716662 0.0162866534040388 -2.49200417658324 0.0545687046824941
-0.151947541504386 0.0570532010020935 -1.09331496366751 0.0458238750310915 -1.40584160663402 0.0173476609268143 -2.47772916363665 0.0559368274246124
-0.14635964234871 0.0598069228769995 -1.08384383554558 0.0474663813888597 -1.39679704160185 0.0184761904951401 -2.46345415069006 0.0574520502396817
-0.140771743193034 0.062679111880233 -1.07437270742366 0.0490356076815662 -1.38775247656968 0.0196745463128903 -2.44917913774347 0.0590987979626689
-0.135183844037358 0.0656578380264852 -1.06490157930173 0.0505348586456338 -1.37870791153751 0.0209346276443655 -2.43490412479688 0.0608742490207031
-0.129595944881682 0.068728830152537 -1.0554304511798 0.051968901751348 -1.36966334650534 0.0222530136292661 -2.4206291118503 0.0627726959984875
-0.124008045726006 0.0718758296384093 -1.04595932305788 0.0533469800380251 -1.36061878147317 0.0236249719495263 -2.40635409890371 0.0647856732569203
-0.11842014657033 0.0750810536431514 -1.03648819493595 0.0546822200720302 -1.351574216441 0.0250445500707143 -2.39207908595712 0.0669022012416919
-0.112832247414653 0.0783267939181838 -1.02701706681402 0.0559908690456514 -1.34252965140882 0.0265047427405947 -2.37780407301053 0.0691091439371301
-0.107244348258977 0.0815896079593222 -1.0175459386921 0.0572913970309 -1.33348508637665 0.027997730599555 -2.36352906006394 0.071393560259235
-0.101656449103301 0.0848482779476042 -1.00807481057017 0.0586040260444733 -1.32444052134448 0.0295151823048674 -2.34925404711735 0.0737411900780206
-0.0960685499476249 0.0880860958152436 -0.998603682448246 0.0599565172703194 -1.31539595631231 0.0310487926947287 -2.33497903417076 0.0761263152075778
-0.0904806507919488 0.0912881015075554 -0.98913255432632 0.0613649542633545 -1.30635139128014 0.0325894651753608 -2.32070402122417 0.0785342434173069
-0.0848927516362726 0.0944413601665414 -0.979661426204394 0.0628445866213072 -1.29730682624797 0.0341285866637286 -2.30642900827759 0.0809520794904475
-0.0793048524805964 0.097535142914406 -0.970190298082468 0.0644077122174299 -1.2882622612158 0.0356607359095293 -2.292153995331 0.0833692699927338
-0.0737169533249202 0.100561022783028 -0.960719169960542 0.0660634020560271 -1.27921769618363 0.0371822660373318 -2.27787898238441 0.0857780401714163
-0.0681290541692441 0.10351290126314 -0.951248041838616 0.0678174124438863 -1.27017313115145 0.0386915699709772 -2.26360396943782 0.0881737087967306
-0.0625411550135679 0.106378371772038 -0.94177691371669 0.0696722701241771 -1.26112856611928 0.040189262783706 -2.24932895649123 0.0905545761141729
-0.0569532558578918 0.109162041164667 -0.932305785594763 0.0716275122573405 -1.25208400108711 0.0416782679949827 -2.23505394354464 0.0929226954870197
-0.0513653567022156 0.111869204343026 -0.922834657472837 0.0736876938926743 -1.24303943605494 0.0431637967157951 -2.22077893059805 0.0952869152238079
-0.0457774575465395 0.114504462672415 -0.913363529350911 0.0758440604417908 -1.23399487102277 0.044653366196739 -2.20650391765147 0.0976561863927022
-0.0401895583908634 0.117074936357245 -0.903892401228985 0.0780827020105005 -1.2249503059906 0.04615994556911 -2.19222890470488 0.100040949456992
-0.0346016592351872 0.119590408408128 -0.894421273107059 0.0803957001972446 -1.21590574095843 0.0476941844967899 -2.17795389175829 0.102452481267122
-0.029013760079511 0.122063451967723 -0.884950144985133 0.0827749363296821 -1.20686117592625 0.0492676087526215 -2.1636788788117 0.104902240001173
-0.0234258609238348 0.124509511112773 -0.875479016863207 0.0852124071609247 -1.19781661089408 0.050891408683042 -2.14940386586511 0.107401232241623
-0.0178379617681587 0.126946963366697 -0.866007888741281 0.0877004650679834 -1.18877204586191 0.0525757314183005 -2.13512885291852 0.10996067980103
-0.0122500626124825 0.12940359048759 -0.856536760619354 0.0902319846194609 -1.17972748082974 0.0543289920328072 -2.12085383997193 0.112599049621141
-0.00666216345680637 0.131905230359692 -0.847065632497428 0.0928005154438189 -1.17068291579757 0.0561572380846326 -2.10657882702534 0.115312516689858
-0.00107426430113022 0.134477650572813 -0.837594504375502 0.0954037971964245 -1.1616383507654 0.0580636013298783 -2.09230381407876 0.118103854924153
0.00451363485454592 0.137146900146728 -0.828123376253576 0.0980313914461932 -1.15259378573323 0.060047869565882 -2.07802880113217 0.120973870439969
0.0101015340102222 0.139938333570878 -0.81865224813165 0.100678929184737 -1.14354922070105 0.0621144772915439 -2.06375378818558 0.123921674111146
0.0156894331658983 0.142875612963787 -0.809181120009724 0.10334245079803 -1.13450465566888 0.0642441311623435 -2.04947877523899 0.126945033835302
0.0212773323215745 0.145979747101695 -0.799709991887798 0.106018335745669 -1.12546009063671 0.0664236408157852 -2.0352037622924 0.130040785983023
0.0268652314772506 0.149268226198232 -0.790238863765871 0.108703251193429 -1.11641552560454 0.0686379317785363 -2.02092874934581 0.133205959370386
0.0324531306329268 0.152763974384872 -0.780767735643945 0.111394126960216 -1.10737096057237 0.0708702802641438 -2.00665373639922 0.136445626379685
0.0380410297886029 0.156487367845055 -0.771296607522019 0.114088163811952 -1.0983263955402 0.0731032764121218 -1.99237872345263 0.139746516244268
0.0436289289442791 0.160419108711832 -0.761825479400093 0.116782765747772 -1.08928183050803 0.0753198916869298 -1.97810371050605 0.143106995268164
0.0492168280999552 0.164556145350127 -0.752354351278167 0.119475613281255 -1.08023726547585 0.0775046065757883 -1.96382869755946 0.146526469944232
0.0548047272556313 0.168892271905321 -0.742883223156241 0.122165839534011 -1.07119270044368 0.0796445500145179 -1.94955368461287 0.150005327583116
0.0603926264113076 0.173419113323413 -0.733412095034315 0.124853723560601 -1.06214813541151 0.081724115896031 -1.93527867166628 0.153544785577711
0.0659805255669837 0.17812716919538 -0.723940966912389 0.127540927235659 -1.05310357037934 0.083745219258129 -1.92100365871969 0.157146663323592
0.0715684247226599 0.183006835975173 -0.714469838790462 0.130230754455848 -1.04405900534717 0.0857139779943851 -1.9067286457731 0.160813271312246
0.077156323878336 0.188049326840888 -0.704998710668536 0.132928363277007 -1.035014440315 0.0876410770773566 -1.89245363282651 0.164557688106031
0.0827442230340122 0.193260863551712 -0.69552758254661 0.135640905120157 -1.02596987528283 0.0895429874294683 -1.87817861987992 0.168370609516247
0.0883321221896883 0.198630865892815 -0.686056454424684 0.138377564907744 -1.01692531025065 0.0914414342225198 -1.86390360693334 0.172252366879538
0.0939200213453645 0.204147677542014 -0.676585326302758 0.141156967591923 -1.00788074521848 0.0933625696178644 -1.84962859398675 0.176202394131364
0.0995079205010407 0.209809587382423 -0.667114198180832 0.143989866634116 -0.998836180186312 0.0953358835037871 -1.83535358104016 0.180219311531951
0.105095819656717 0.215614653892928 -0.657643070058906 0.146889724888021 -0.98979161515414 0.0973928970965063 -1.82107856809357 0.184301114047549
0.110683718812393 0.221559597691905 -0.64817194193698 0.149870055833748 -0.980747050121969 0.0995803898359329 -1.80680355514698 0.188445453952917
0.116271617968069 0.227638705278306 -0.638700813815053 0.152943127671683 -0.971702485089798 0.101928807995889 -1.79252854220039 0.19265000683791
0.121859517123745 0.233842847537849 -0.629229685693127 0.156119089327775 -0.962657920057626 0.104458661769694 -1.7782535292538 0.196922235388786
0.127447416279421 0.240158716670709 -0.619758557571201 0.1594051537612 -0.953613355025455 0.107190956220125 -1.76397851630721 0.201252950210446
0.133035315435098 0.246576667099863 -0.610287429449275 0.162804892641505 -0.944568789993284 0.11014105706316 -1.74970350336063 0.205643833443865
0.138623214590774 0.253057809674336 -0.600816301327349 0.166323871374705 -0.935524224961112 0.113318203199802 -1.73542849041404 0.210098838659014
0.14421111374645 0.259573349156157 -0.591345173205423 0.16995790602657 -0.926479659928941 0.116725323097816 -1.72115347746745 0.214623946871962
0.149799012902126 0.266094930779804 -0.581874045083497 0.173684576816885 -0.917435094896769 0.120359138116914 -1.70687846452086 0.219227089295792
0.155386912057802 0.272595084684375 -0.572402916961571 0.177489018179855 -0.908390529864598 0.1242105229896 -1.69260345157427 0.223917947970259
0.160974811213478 0.279049179626602 -0.562931788839645 0.181354435705182 -0.899345964832426 0.128278804142123 -1.67832843862768 0.22870764158455
0.166562710369155 0.285437316716905 -0.553460660717718 0.185263394708399 -0.890301399800255 0.132536564888237 -1.66405342568109 0.233627861610783
0.172150609524831 0.291746031257145 -0.543989532595792 0.189199202961748 -0.881256834768084 0.136946963022007 -1.64977841273451 0.238677921010226
0.177738508680507 0.297967523964421 -0.534518404473866 0.193147312707756 -0.872212269735912 0.141483643206489 -1.63550339978792 0.243868366619375
0.183326407836183 0.30410063922419 -0.52504727635194 0.197096664384482 -0.863167704703741 0.146118672734772 -1.62122838684133 0.249210363307372
0.188914306991859 0.310172694554814 -0.515576148230014 0.201040525253366 -0.854123139671569 0.150823159625892 -1.60695337389474 0.254714072307835
0.194502206147535 0.316207695926731 -0.506105020108088 0.204981494689547 -0.845078574639398 0.155567854153038 -1.59267836094815 0.26038861420031
0.200090105303212 0.322234814803849 -0.496633891986161 0.208928981779785 -0.836034009607227 0.160323771990548 -1.57840334800156 0.266242157702926
0.205678004458888 0.328286201126803 -0.487162763864236 0.212897856337587 -0.826989444575055 0.165062880605977 -1.56412833505497 0.272282128023547
0.211265903614564 0.334394623917578 -0.477691635742309 0.216907704371103 -0.817944879542884 0.169754756230765 -1.54985332210838 0.278544972326463
0.21685380277024 0.340591089473755 -0.468220507620383 0.220981683085875 -0.808900314510713 0.174370294386437 -1.5355783091618 0.28501539272481
0.222441701925916 0.346902587661544 -0.458749379498457 0.225145163964865 -0.799855749478541 0.178896849166602 -1.52130329621521 0.291697394414364
0.228029601081592 0.353360671163311 -0.449278251376531 0.22942423796887 -0.79081118444637 0.183324588208369 -1.50702828326862 0.298599770147533
0.233617500237268 0.359980373094705 -0.439807123254605 0.233851818043493 -0.781766619414198 0.187651449092002 -1.49275327032203 0.305731957086929
0.239205399392945 0.366751264390457 -0.430335995132679 0.238465015392652 -0.772722054382027 0.19188427273804 -1.47847825737544 0.31310368811227
0.244793298548621 0.373666522602868 -0.420864867010753 0.243264549619863 -0.763677489349855 0.196039646129007 -1.46420324442885 0.320724427929451
0.250381197704297 0.380713764629418 -0.411393738888826 0.248261108812147 -0.754632924317684 0.200144356612946 -1.44992823148226 0.328602594693478
0.255969096859973 0.387877102374509 -0.4019226107669 0.25345995763824 -0.745588359285513 0.204235372344957 -1.43565321853567 0.336780828140495
0.261556996015649 0.395139507859107 -0.392451482644974 0.258861084307351 -0.736543794253341 0.208363343269902 -1.42137820558909 0.34523119408585
0.267144895171326 0.402485333292703 -0.382980354523048 0.26445962392585 -0.72749922922117 0.212602487126406 -1.4071031926425 0.353939545530024
0.272732794327002 0.40990282292294 -0.373509226401122 0.270246516215009 -0.718454664188998 0.217012570187116 -1.39282817969591 0.362892045599848
0.278320693482678 0.41739485343798 -0.364038098279196 0.276209351331813 -0.709410099156827 0.221658428729289 -1.37855316674932 0.372066900104687
0.283908592638354 0.424963584258636 -0.35456697015727 0.282349550348344 -0.700365534124656 0.226603430938304 -1.36427815380273 0.381433892698567
0.28949649179403 0.432624321780828 -0.345095842035344 0.288635166070591 -0.691320969092484 0.231906507312395 -1.35000314085614 0.390954276234262
0.295084390949706 0.440403308540718 -0.335624713913417 0.295044882127223 -0.682276404060313 0.237619336625578 -1.33572812790955 0.400581055116834
0.300672290105382 0.448333769111067 -0.326153585791491 0.301564901000397 -0.673231839028142 0.243783811620164 -1.32145311496296 0.410255556529417
0.306260189261059 0.456453691827849 -0.316682457669565 0.308183723912271 -0.66418727399597 0.2504298940075 -1.30717810201638 0.419896881947965
0.311848088416735 0.4648031135774 -0.307211329547639 0.314892748598749 -0.655142708963799 0.257584783619659 -1.29290308906979 0.42943826497583
0.317435987572411 0.473421063195943 -0.297740201425713 0.32168675916261 -0.646098143931627 0.26529437917493 -1.2786280761232 0.438815347183908
0.323023886728087 0.482344905070525 -0.288269073303787 0.328564309521186 -0.637053578899456 0.273477862568467 -1.26435306317661 0.447967265507785
0.328611785883763 0.491648555138764 -0.278797945181861 0.335531127004073 -0.628009013867284 0.28209947160776 -1.25007805023002 0.456839222051515
0.334199685039439 0.501298198483508 -0.269326817059934 0.342605273864325 -0.618964448835113 0.291111054694094 -1.23580303728343 0.465384927762309
0.339787584195115 0.511289486921778 -0.259855688938008 0.349790042253593 -0.609919883802942 0.300454021589063 -1.22152802433684 0.473568839729969
0.345375483350792 0.521604610170582 -0.250384560816082 0.35710284560597 -0.60087531877077 0.310061678210274 -1.20725301139025 0.481321006091872
0.350963382506468 0.532213153550166 -0.240913432694156 0.364564255450448 -0.591830753738599 0.319861879924733 -1.19297799844367 0.488668486178381
0.356551281662144 0.543073753496869 -0.23144230457223 0.372197226884068 -0.582786188706427 0.32977993167006 -1.17870298549708 0.49564535085249
0.36213918081782 0.554136429814819 -0.221971176450304 0.380026120833835 -0.573741623674256 0.339741530329174 -1.16442797255049 0.502282781783766
0.367727079973496 0.56534545033974 -0.212500048328378 0.388075532870147 -0.564697058642085 0.349661368197172 -1.1501529596039 0.508624487508101
0.373314979129173 0.576643525898472 -0.203028920206452 0.396368944312221 -0.555652493609913 0.359475775546521 -1.13587794665731 0.514724741666708
0.378902878284849 0.587962537007502 -0.193557792084525 0.404956246243433 -0.546607928577742 0.36913884975545 -1.12160293371072 0.520645999217348
0.384490777440525 0.599245482841908 -0.184086663962599 0.413840976734249 -0.537563363545571 0.378618301653901 -1.10732792076413 0.526456154043271
0.390078676596201 0.610451767119309 -0.174615535840673 0.423014855266091 -0.528518798513399 0.387896567209221 -1.09305290781754 0.532231003705206
0.395666575751877 0.621549501204859 -0.165144407718747 0.432474352571705 -0.519474233481228 0.396971191113956 -1.07877789487096 0.538056683334116
0.401254474907553 0.632515254870735 -0.155673279596821 0.442206458575804 -0.510429668449056 0.405854456931971 -1.06450288192437 0.543993157521892
0.406842374063229 0.643333019595815 -0.146202151474895 0.45218829149366 -0.501385103416885 0.414572268742257 -1.05022786897778 0.550088762693669
0.412430273218906 0.653992496665861 -0.136731023352969 0.462387172930802 -0.492340538384714 0.42316231971092 -1.03595285603119 0.556380066225302
0.418018172374582 0.664486850938341 -0.127259895231043 0.472761197976462 -0.483295973352542 0.431670293451309 -1.0216778430846 0.562890664881042
0.423606071530258 0.674792848306389 -0.117788767109117 0.483261417996383 -0.474251408320371 0.440167538670006 -1.00740283013801 0.569630583386718
0.429193970685934 0.684905238860069 -0.10831763898719 0.493825270012368 -0.4652068432882 0.448709769336556 -0.993127817191424 0.576596294549381
0.43478186984161 0.694817102798567 -0.0988465108652643 0.504374964094073 -0.456162278256028 0.457348602767644 -0.978852804244835 0.583789233203837
0.440369768997287 0.704505430857831 -0.0893753827433379 0.514850400236616 -0.447117713223856 0.466130169723595 -0.964577791298247 0.591160634821321
0.445957668152963 0.713940808175862 -0.0799042546214119 0.525195384744146 -0.438073148191685 0.475093221470703 -0.950302778351658 0.598657877450247
0.451545567308639 0.723088490413257 -0.070433126499486 0.535360108243497 -0.429028583159514 0.484267882176235 -0.936027765405069 0.606237487756355
0.457133466464315 0.731910246565972 -0.0609619983775596 0.545303275193982 -0.419984018127342 0.493675067796983 -0.921752752458481 0.613855954763434
0.462721365619991 0.740366849099285 -0.0514908702556336 0.554993788888881 -0.410939453095171 0.503326556206588 -0.907477739511892 0.621472631515269
0.468309264775667 0.748421062267207 -0.0420197421337076 0.564411908326964 -0.401894888063 0.513251338045964 -0.893202726565303 0.629052425048202
0.473897163931343 0.755978055330518 -0.0325486140117812 0.573525580218627 -0.392850323030828 0.523424408870552 -0.878927713618714 0.636568183602237
0.47948506308702 0.763071303536453 -0.0230774858898553 0.582351338603278 -0.383805757998657 0.533825751506914 -0.864652700672126 0.64399454820727
0.485072962242696 0.769704052718539 -0.0136063577679293 0.590926986109198 -0.374761192966485 0.544440417536411 -0.850377687725537 0.651332488977606
0.490660861398372 0.775889385452302 -0.00413522964600288 0.599279816385241 -0.365716627934314 0.555251292310316 -0.836102674778948 0.658601943858616
0.496248760554048 0.781655768835393 0.00533589847592308 0.607442180516679 -0.356672062902143 0.566239721265213 -0.821827661832359 0.665827906061708
0.501836659709724 0.787046607186137 0.0148070265978495 0.615449352097308 -0.347627497869971 0.577385757746628 -0.807552648885771 0.673044228029416
0.5074245588654 0.792119023746304 0.0242781547197755 0.623337513490928 -0.3385829328378 0.588668053221737 -0.793277635939182 0.680291566499249
0.513012458021076 0.796941948611574 0.0337492828417014 0.631141961366659 -0.329538367805629 0.600063439356381 -0.779002622992593 0.687615020696235
0.518600357176753 0.801591468110539 0.0432204109636278 0.638895510344579 -0.320493802773457 0.611550643914833 -0.764727610046005 0.6950615454379
0.524188256332429 0.806164510701875 0.0526915390855538 0.64662968221512 -0.311449237741285 0.623089685512177 -0.750452597099416 0.702697192210287
0.529776155488105 0.810767270705041 0.0621626672074798 0.654374571772105 -0.302404672709114 0.634640935550004 -0.736177584152827 0.710570121677998
0.535364054643781 0.815482522681616 0.0716337953294062 0.662148947016736 -0.293360107676943 0.646164938597667 -0.721902571206238 0.71869626800191
0.540951953799457 0.820386497763973 0.0811049234513321 0.669968146728458 -0.284315542644771 0.657618484129624 -0.70762755825965 0.727094228918765
0.546539852955134 0.825546293758011 0.0905760515732585 0.677844623769107 -0.2752709776126 0.668955449246668 -0.693352545313061 0.735771265955365
0.55212775211081 0.831017634210987 0.100047179695185 0.685788456158955 -0.266226412580429 0.680128011477853 -0.679077532366472 0.744722773017992
0.557715651266486 0.836843002894581 0.10951830781711 0.693807764850457 -0.257181847548257 0.691088174383078 -0.664802519419883 0.753932208489281
0.563303550422162 0.843050175660293 0.118989435939037 0.701908987105752 -0.248137282516086 0.701789530907142 -0.650527506473295 0.763371480963098
0.568891449577838 0.849679621188163 0.128460564060963 0.710103819549217 -0.239092717483914 0.712164951969571 -0.636252493526706 0.773012149601612
0.574479348733514 0.856719405803273 0.137931692182889 0.718395225057557 -0.230048152451743 0.722170721940408 -0.621977480580117 0.782788647219915
0.58006724788919 0.864109775798361 0.147402820304815 0.726775730409452 -0.221003587419572 0.731803435904278 -0.607702467633529 0.792626703562615
0.585655147044867 0.871805615723682 0.156873948426741 0.735241514049017 -0.2119590223874 0.741047966738276 -0.59342745468694 0.802464512339852
0.591243046200543 0.879748842343508 0.166345076548667 0.743785427791045 -0.202914457355229 0.749899397644826 -0.579152441740351 0.812239605918863
0.596830945356219 0.887870531351714 0.175816204670594 0.752396840459993 -0.193869892323058 0.758363132010775 -0.564877428793762 0.821891058184955
0.602418844511895 0.896093442518121 0.18528733279252 0.761061689335332 -0.184825327290886 0.766454543821212 -0.550602415847174 0.831361584925878
0.608006743667571 0.904334877687991 0.194758460914446 0.769762759091419 -0.175780762258714 0.774198193314217 -0.536327402900585 0.840599493258021
0.613594642823247 0.91250979374889 0.204229589036372 0.778480198404901 -0.166736197226543 0.781626648740908 -0.522052389953996 0.849536602452953
0.619182541978924 0.920504537582516 0.213700717158298 0.787187085543744 -0.157691632194372 0.788767488636514 -0.507777377007407 0.858126916596403
0.6247704411346 0.928240386594355 0.223171845280224 0.795858296111306 -0.1486470671622 0.795666677090182 -0.493502364060819 0.8663778601571
0.630358340290276 0.935657291501889 0.23264297340215 0.804472872522127 -0.139602502130029 0.80239499473933 -0.47922735111423 0.874281864440786
0.635946239445952 0.942701896172055 0.242114101524076 0.813011986846616 -0.130557937097858 0.80899832142881 -0.464952338167641 0.881841100083277
0.641534138601628 0.94933373433744 0.251585229646003 0.821459680713139 -0.121513372065686 0.81552038311363 -0.450677325221053 0.889066527440239
0.647122037757304 0.955525652965994 0.261056357767929 0.829803294604625 -0.112468807033515 0.822001590495205 -0.436402312274464 0.895976613886279
0.652709936912981 0.961263520905795 0.270527485889855 0.838033628247382 -0.103424242001343 0.828478175123515 -0.422127299327875 0.902595756868952
0.658297836068657 0.966545250283482 0.279998614011781 0.846144823393493 -0.0943796769691718 0.834981602398877 -0.407852286381286 0.90893740603413
0.663885735224333 0.971374135418754 0.289469742133707 0.854126205926692 -0.0853351119370007 0.841538221473365 -0.393577273434698 0.915033008269434
0.669473634380009 0.97571749063404 0.298940870255633 0.861974113436941 -0.0762905469048292 0.848172141100153 -0.379302260488109 0.920936021971363
0.675061533535685 0.979660071053615 0.308411998377559 0.869700149432362 -0.0672459818726576 0.854907310480184 -0.36502724754152 0.926670140056498
0.680649432691361 0.983225293404407 0.317883126499485 0.877304421420698 -0.0582014168404865 0.861742471040234 -0.350752234594931 0.932253521276222
0.686237331847037 0.986434329256528 0.327354254621412 0.884785647370759 -0.049156851808315 0.868678213295167 -0.336477221648343 0.937697866051771
0.691825231002714 0.989304265134723 0.336825382743338 0.892140516583532 -0.0401122867761434 0.875708440971932 -0.322202208701754 0.943007887090806
0.69741313015839 0.99184680099809 0.346296510865264 0.899363252049082 -0.0310677217439723 0.882819818271225 -0.307927195755165 0.948181184500278
0.703001029314066 0.994067524603443 0.35576763898719 0.906445390529252 -0.0220231567118008 0.88999132782342 -0.293652182808577 0.953198610145508
0.708588928469742 0.995965777792444 0.365238767109116 0.913375788927476 -0.0129785916796292 0.89719406746786 -0.279377169861988 0.958031267152965
0.714176827625418 0.997516214032305 0.374709895231042 0.9201159772307 -0.00393402664745812 0.90439141184365 -0.2651021569154 0.962672703921513
0.719764726781094 0.99869068272149 0.384181023352968 0.926665843271335 0.00511053838471343 0.911538043793697 -0.25082714396881 0.967099345928542
0.725352625936771 0.999505382144794 0.393652151474894 0.933011655003421 0.014155103416885 0.918562923776431 -0.236552131022222 0.971287634713054
0.730940525092447 0.999945908981779 0.403123279596821 0.939136418366612 0.0231996684490561 0.925418844602866 -0.222277118075633 0.97521544166716
0.736528424248123 1 0.412594407718747 0.945023758745816 0.0322442334812276 0.932053905078008 -0.208002105129045 0.978863308133148
0.742116323403799 0.999659055089259 0.422065535840673 0.950658421585543 0.0412887985133992 0.93842079147684 -0.193727092182455 0.982215476072158
0.747704222559475 0.998919395690883 0.431536663962599 0.956026662572008 0.0503333635455703 0.944479497015452 -0.179452079235867 0.985244518566192
0.753292121715151 0.997783223043779 0.441007792084525 0.961116518611706 0.0593779285777418 0.950199493207524 -0.165177066289278 0.987925139110085
0.758880020870828 0.996259254080352 0.450478920206451 0.96590296858954 0.0684224936099134 0.95556115663616 -0.15090205334269 0.990294694866766
0.764467920026504 0.994329594864125 0.459950048328377 0.97036111068286 0.0774670586420845 0.96055630430698 -0.136627040396101 0.992360151710275
0.77005581918218 0.992041938211446 0.469421176450303 0.97451543354618 0.086511623674256 0.965187743087535 -0.122352027449512 0.994132530422564
0.775643718337856 0.989447307721443 0.47889230457223 0.978362332756578 0.0955561887064276 0.969423388194755 -0.108077014502923 0.995626375970354
0.781231617493532 0.986582995105878 0.488363432694156 0.981899512541897 0.104600753738599 0.973333186294625 -0.0938020015563348 0.996859216700895
0.786819516649208 0.983490418625675 0.497834560816082 0.985125770797175 0.11364531877077 0.97694070405135 -0.0795269886097456 0.99785103128334
0.792407415804884 0.980214036875586 0.507305688938008 0.988040778774003 0.122689883802942 0.980266512479521 -0.0652519756631573 0.998615422746106
0.797995314960561 0.97680010450122 0.516776817059934 0.990644854523304 0.131734448835113 0.983327177426566 -0.0509769627165682 0.999167206654664
0.803583214116237 0.973295261360707 0.52624794518186 0.992938728398323 0.140779013867284 0.986133886634372 -0.0367019497699799 0.999557443127812
0.809171113271913 0.96974494654545 0.535719073303786 0.994886202808303 0.149823578899456 0.988691992211241 -0.0224269368233907 0.999810644458282
0.814759012427589 0.966197639676562 0.545190201425712 0.996515090395516 0.158868143931627 0.991001470425657 -0.00815192387680241 0.999950657388679
0.820346911583265 0.962693213385754 0.554661329547639 0.997835389346219 0.167912708963799 0.993058225230036 0.00612308906978676 1
0.825934810738941 0.959255089489498 0.564132457669565 0.998846218027212 0.17695727399597 0.994824713165154 0.020398102016375 0.999979134376102
0.831522709894618 0.955895673977669 0.573603585791491 0.999545808214102 0.186001839028141 0.996320513592589 0.0346731149629642 0.999905688906612
0.837110609050294 0.952614846110958 0.583074713913417 0.999931523015945 0.195046404060313 0.997550925901188 0.0489481279095525 0.99979260242875
0.84269850820597 0.949398958680518 0.592545842035343 1 0.204090969092484 0.998520290193466 0.0632231408561417 0.999646917710499
0.848286407361646 0.94622043928561 0.602016970157269 0.999747431402354 0.213135534124655 0.999237398786839 0.07749815380273 0.99947344328224
0.853874306517322 0.943038087119685 0.611488098279195 0.999157750179651 0.222180099156827 0.999714321105405 0.0917731667493191 0.999265949974732
0.859462205672998 0.939793267475803 0.620959226401121 0.99820186472773 0.231224664188999 0.999964453563189 0.106048179695907 0.999012216560333
0.865050104828675 0.936395147132865 0.630430354523047 0.996917053245319 0.24026922922117 1 0.120323192642496 0.99869442185547
0.870638003984351 0.932777325315469 0.639901482644974 0.995306064010148 0.249313794253341 0.999829144786104 0.134598205589085 0.998289816110772
0.876225903140027 0.928867028986343 0.6493726107669 0.993375434422165 0.258358359285513 0.999431281376719 0.148873218535673 0.997771657310734
0.881813802295703 0.924596385654401 0.658843738888826 0.99113612216904 0.267402924317684 0.998805014445099 0.163148231482262 0.997105271355674
0.887401701451379 0.919906656624342 0.668314867010752 0.988603960602184 0.276447489349855 0.997934412679676 0.177423244428851 0.99623335774569
0.892989600607055 0.914752047818097 0.677785995132678 0.985799901236981 0.285492054382027 0.996786127919679 0.19169825737544 0.995146997813363
0.898577499762732 0.909102886729377 0.687257123254605 0.98275001020999 0.294536619414198 0.99532021316951 0.205973270322028 0.993821288731552
0.904165398918408 0.902947971514181 0.69672825137653 0.979467193872765 0.30358118444637 0.993493525573759 0.220248283268617 0.992236390060865
0.909753298074084 0.896260215621818 0.706199379498456 0.976008826632288 0.312625749478541 0.991263724145121 0.234523296215206 0.990378576133325
0.91534119722976 0.889086401138473 0.715670507620383 0.972423394941811 0.321670314510712 0.988593541125889 0.248798309161795 0.98824102620271
0.920929096385436 0.88151703958487 0.725141635742309 0.968750036375303 0.330714879542884 0.985454981937901 0.263073322108383 0.985824337074003
0.926516995541112 0.873619737531654 0.734612763864235 0.965026458182518 0.339759444575055 0.981794290052357 0.277348335054972 0.983131608259141
0.932104894696788 0.865469560376439 0.744083891986161 0.961287200189479 0.348804009607226 0.97763032007197 0.29162334800156 0.980153402012529
0.937692793852465 0.857144369448954 0.753555020108087 0.957561913289421 0.357848574639398 0.973019462629436 0.30589836094815 0.976956054094932
0.943280693008141 0.848720180231107 0.763026148230014 0.953873719773768 0.366893139671569 0.968005367080311 0.320173373894738 0.973571822499233
0.948868592163817 0.840266789359534 0.77249727635194 0.950239082618063 0.375937704703741 0.962644255397594 0.334448386841327 0.970036863832457
0.954456491319493 0.83184390790979 0.781968404473866 0.946667718265501 0.384982269735912 0.957000967034392 0.348723399787915 0.966389989287024
0.960044390475169 0.823511433712568 0.791439532595792 0.94314166169277 0.394026834768083 0.95114432616675 0.362998412734505 0.962671384041988
0.965632289630845 0.815292024786176 0.800910660717718 0.939639350057925 0.403071399800255 0.945142146748318 0.377273425681093 0.958921313987944
0.971220188786521 0.807189064903474 0.810381788839644 0.93612963357421 0.412115964832426 0.93905620851544 0.391548438627682 0.955179493425013
0.976808087942198 0.799194066043034 0.81985291696157 0.932572937553954 0.421160529864598 0.932937925384203 0.40582345157427 0.951496049166164
0.982395987097874 0.791286635406346 0.829324045083496 0.928922804202862 0.430205094896769 0.92682600166277 0.420098464520859 0.947898908005254
0.98798388625355 0.783437032419597 0.838795173205423 0.925127761294962 0.439249659928941 0.920730801550578 0.434373477467448 0.944411453725371
0.993571785409226 0.775608921720908 0.848266301327349 0.921133458797575 0.448294224961112 0.914642368886875 0.448648490414037 0.94105061311149
0.999159684564902 0.767762135895506 0.857737429449275 0.916854893883869 0.457338789993283 0.908534727789448 0.462923503360625 0.937826347050941
1.00474758372058 0.75985355862422 0.867208557571201 0.912237692672889 0.466383355025455 0.902369009420623 0.477198516307214 0.934741312569901
1.01033548287625 0.751823273484463 0.876679685693127 0.907253921389857 0.475427920057626 0.896097476253549 0.491473529253803 0.931790702977207
1.01592338203193 0.743644200891568 0.886150813815053 0.90186909852717 0.484472485089797 0.889668134102287 0.505748542200392 0.928962764133412
1.02151128118761 0.735285448930091 0.895621941936979 0.896059030737519 0.493517050121969 0.883029590774906 0.52002355514698 0.92624717372016
1.02709918034328 0.726720472145595 0.905093070058905 0.88981104506405 0.50256161515414 0.876122541637692 0.534298568093569 0.923594037045837
1.03268707949896 0.71792694461934 0.914564198180831 0.883124847823482 0.511606180186312 0.868891773351349 0.548573581040158 0.920968161938733
1.03827497865464 0.708886553498139 0.924035326302758 0.876012992277979 0.520650745218483 0.861346076056204 0.562848593986747 0.918330593921135
1.04386287781031 0.699584802807178 0.933506454424684 0.868497002184202 0.529695310250654 0.853483574764732 0.577123606933335 0.915639785927706
1.04945077696599 0.69001090352164 0.94297758254661 0.860579411672061 0.538739875282826 0.845314706675921 0.591398619879924 0.912852805536837
1.05503867612166 0.680141194648564 0.952448710668536 0.852372759122961 0.547784440314997 0.836859608214417 0.605673632826512 0.909926550051164
1.06062657527734 0.669964902453182 0.961919838790462 0.843941143821982 0.556829005347169 0.828144746498703 0.619948645773102 0.906818939703302
1.06621447443302 0.659511720348118 0.971390966912388 0.835354451426982 0.56587357037934 0.819199137941418 0.63422365871969 0.903446236763603
1.07180237358869 0.648791456571696 0.980862095034314 0.826685641561153 0.574918135411512 0.810050512265467 0.648498671666279 0.899803450126342
1.07739027274437 0.637819325105587 0.99033322315624 0.818007771918582 0.583962700443683 0.800717445606754 0.662773684612867 0.895862268622597
1.08297817190004 0.62661583213531 0.999804351278167 0.809390835297822 0.593007265475854 0.791201289581899 0.677048697559457 0.891598716740756
1.08856607105572 0.615206350326398 1.00927547940009 0.800898495350992 0.602051830508026 0.781523264469264 0.691323710506045 0.886993844463632
1.0941539702114 0.603620373788292 1.01874660752202 0.792603004717792 0.611096395540197 0.771675786290859 0.705598723452634 0.882033632575354
1.09974186936707 0.591890464904581 1.02821773564395 0.784547861995365 0.620140960572368 0.761645111007726 0.719873736399222 0.876708745332522
1.10532976852275 0.580044180391073 1.03768886376587 0.776733797935333 0.62918552560454 0.751414192487169 0.734148749345811 0.871014148975358
1.11091766767843 0.568128829101695 1.0471599918878 0.76915620124482 0.638230090636711 0.74096589642723 0.7484237622924 0.864891807589393
1.1165055668341 0.556180163281686 1.05663112000972 0.761792064777306 0.647274655668883 0.730286277602761 0.762698775238989 0.858398925818521
1.12209346598978 0.544225203026713 1.06610224813165 0.754600917258869 0.656319220701054 0.719367642090568 0.776973788185577 0.851545201343589
1.12768136514545 0.532286535333705 1.07557337625358 0.747526646084021 0.665363785733225 0.708209353369979 0.791248801132166 0.844338073524592
1.13326926430113 0.520382072928213 1.0850445043755 0.740500156026239 0.674408350765397 0.696800602516768 0.805523814078755 0.836786307953986
1.13885716345681 0.508525195048483 1.09451563249743 0.733442785712224 0.683452915797568 0.685202668385008 0.819798827025344 0.828899815147015
1.14444506261248 0.496725236802837 1.10398676061935 0.726236173877387 0.692497480829739 0.673455700977021 0.834073839971932 0.820689569489375
1.15003296176816 0.484988276586846 1.11345788874128 0.718802653627063 0.701542045861911 0.661608232853096 0.84834885291852 0.812167622702345
1.15562086092383 0.473328446045374 1.12292901686321 0.711069035080836 0.710586610894083 0.649714801643559 0.86262386586511 0.803306380640299
1.16120876007951 0.461739687615823 1.13240014498513 0.702973702305367 0.719631175926254 0.637833286281517 0.876898878811698 0.794162678372379
1.16679665923519 0.450225387124082 1.14187127310706 0.694469581324867 0.728675740958425 0.626022122221101 0.891173891758287 0.784759277502954
1.17238455839086 0.438790541979779 1.15134240122898 0.68552597539112 0.737720305990597 0.61433754993912 0.905448904704875 0.775115225422783
1.17797245754654 0.427441814650348 1.16081352935091 0.676129464489197 0.746764871022768 0.602831039113345 0.919723917651464 0.765251154198804
1.18356035670222 0.416187585491673 1.17028465747284 0.666283851433196 0.755809436054939 0.591581304954314 0.933998930598053 0.755189086147622
1.18914825585789 0.405037793347506 1.17975578559476 0.655983167630452 0.764854001087111 0.580598295541408 0.948273943544642 0.744952135315127
1.19473615501357 0.394003602674421 1.18922691371669 0.645268078827558 0.773898566119282 0.569898583283557 0.96254895649123 0.734564107032271
1.20032405416924 0.383102570517677 1.19869804183862 0.634224567007081 0.782943131151454 0.559490291242629 0.976823969437819 0.724035639966816
1.20591195332492 0.372359351235421 1.20816916996054 0.62290701402281 0.791987696183625 0.549371095893865 0.991098982384408 0.713408844458561
1.2114998524806 0.361771287019481 1.21764029808247 0.611370982837454 0.801032261215796 0.539528964665693 1.005373995331 0.702707772303584
1.21708775163627 0.351348752798183 1.22711142620439 0.599670158925078 0.810076826247968 0.529943213260556 1.01964900827759 0.691950906877644
1.22267565079195 0.341100966260157 1.23658255432632 0.587853679500617 0.819121391280139 0.520585813279423 1.03392402122417 0.681153903506967
1.22826354994763 0.331035915523546 1.24605368244825 0.575963933290716 0.82816595631231 0.511422876520192 1.04819903417076 0.670329228103753
1.2338514491033 0.321160360650532 1.25552481057017 0.564034898988151 0.837210521344482 0.502427762616665 1.06247404711735 0.659485904109587
1.23943934825898 0.311479889156118 1.2649959386921 0.552091047617246 0.846255086376654 0.49353897588842 1.07674906006394 0.648629375695582
1.24502724741465 0.301999005472017 1.27446706681402 0.54014701004714 0.855299651408825 0.48471082897371 1.09102407301053 0.637759489292244
1.25061514657033 0.292738284562767 1.28393819493595 0.528202938086373 0.864344216440996 0.475903198520592 1.10529908595712 0.626873856494433
1.25620304572601 0.28369737764014 1.29340932305788 0.516251572715496 0.873388781473168 0.467078148630727 1.11957409890371 0.615966402223829
1.26179094488168 0.274864166730497 1.3028804511798 0.504280070023071 0.882433346505339 0.458200736147126 1.13384911185029 0.605028551990448
1.26737884403736 0.266239296750672 1.31235157930173 0.492271809614788 0.89147791153751 0.449239684591656 1.14812412479688 0.594050220125779
1.27296674319303 0.257822723617856 1.32182270742365 0.480208308874038 0.900522476569682 0.440167953445294 1.16239913774347 0.5830204365036
1.27855464234871 0.249613750215682 1.33129383554558 0.468071174242629 0.909567041601853 0.430963230453718 1.17667415069006 0.571927996861159
1.28414254150439 0.241611068913092 1.34076496366751 0.455838336107301 0.918611606634025 0.4215932638649 1.19094916363665 0.560762123618407
1.28973044066006 0.233812811270222 1.35023609178943 0.443492022232735 0.927656171666196 0.412053357526619 1.20522417658324 0.549501689483381
1.29531833981574 0.226216604064409 1.35970721991136 0.431038738240416 0.936700736698367 0.402348803267202 1.21949918952983 0.538145117618902
1.30090623897142 0.218844150511712 1.36917834803329 0.418483660029279 0.945745301730539 0.392484196763621 1.23377420247642 0.526692564318441
1.30649413812709 0.21167101504404 1.37864947615521 0.405839907245213 0.95478986676271 0.382470584004726 1.248049215423 0.515143866256998
1.31208203728277 0.20468882551659 1.38812060427714 0.393128569962918 0.963834431794881 0.372325283594126 1.26232422836959 0.503502228728913
1.31766993643844 0.197893465278215 1.39759173239906 0.380378375672477 0.972878996827053 0.362071482347334 1.27659924131618 0.491774308192689
1.32325783559412 0.191280450683969 1.40706286052099 0.367625015164872 0.981923561859225 0.351737590194703 1.29087425426277 0.479970182116047
1.3288457347498 0.184844901102728 1.41653398864292 0.354910152109972 0.990968126891396 0.341356352034597 1.30514926720936 0.468103207723418
1.33443363390547 0.178581508319028 1.42600511676484 0.342298978991734 1.00001269192357 0.330966399110706 1.31942428015595 0.456187452084969
1.34002153306115 0.172484512111603 1.43547624488677 0.329842771966571 1.00905725695574 0.320614544759711 1.33369929310254 0.444250734071998
1.34560943221682 0.166550732794038 1.44494737300869 0.317588824142406 1.01810182198791 0.310338446441583 1.34797430604913 0.43231734242758
1.3511973313725 0.160788631088496 1.45441850113062 0.305585023064092 1.02714638702008 0.300172853236058 1.36224931899571 0.420410437726445
1.35678523052818 0.15517027737177 1.46388962925255 0.29387581353827 1.03619095205225 0.290148908487648 1.3765243319423 0.408553691400914
1.36237312968385 0.149688139528386 1.47336075737447 0.282500924715295 1.04523551708442 0.280293145119282 1.39079934488889 0.396770800450277
1.36796102883953 0.144334555240345 1.4828318854964 0.271494311871586 1.0542800821166 0.270626740660112 1.40507435783548 0.385085036427614
1.3735489279952 0.139101857320295 1.49230301361833 0.260883332892596 1.06332464714877 0.261165056918616 1.41934937078207 0.373518833909299
1.37913682715088 0.133982506607135 1.50177414174025 0.250706171243783 1.07236921218094 0.251917479112469 1.43362438372866 0.362111394657178
1.38472472630656 0.128969230776125 1.51124526986218 0.241005473397024 1.08141377721311 0.242899615135019 1.44789939667525 0.350879280627623
1.39031262546223 0.124055168066069 1.5207163979841 0.231735607271433 1.09045834224528 0.234113753649789 1.46217440962184 0.339830532134951
1.39590052461791 0.119239468418287 1.53018752610603 0.222890321162728 1.09950290727745 0.225533424651081 1.47644942256842 0.328979019967715
1.40148842377359 0.114517478039735 1.53965865422796 0.214457192089863 1.10854747230962 0.217147908929448 1.49072443551501 0.318336069821988
1.40707632292926 0.109877283221865 1.54912978234988 0.206418338682874 1.1175920373418 0.208945268874992 1.5049994484616 0.30791027114298
1.41266422208494 0.105316139746809 1.55860091047181 0.198751213344702 1.12663660237397 0.20091364265053 1.51927446140819 0.297707310000548
1.41825212124061 0.100832687065834 1.56807203859373 0.191429454702387 1.13568116740614 0.193042492883617 1.53354947435478 0.287729833774829
1.42384002039629 0.0964270785708478 1.57754316671566 0.184423782261999 1.14472573243831 0.185323747089514 1.54782448730137 0.277999354214944
1.42942791955197 0.0921010735369095 1.58701429483759 0.177730052240209 1.15377029747048 0.177752768061751 1.56209950024796 0.268501730813508
1.43501581870764 0.0878580788755118 1.59648542295951 0.171288850141398 1.16281486250265 0.170334922337746 1.57637451319455 0.259213828849231
1.44060371786332 0.0837031292176836 1.60595655108144 0.165057112181801 1.17185942753482 0.163086439719988 1.59064952614113 0.250124732913489
1.446191617019 0.079653990723497 1.61542767920337 0.159004827093167 1.180903992567 0.156003366453341 1.60492453908772 0.241221762455344
1.45177951617467 0.0757146337721644 1.62489880732529 0.153104225635197 1.18994855759917 0.149100395248296 1.61919955203431 0.232491131766993
1.45736741533035 0.0718901787736402 1.63436993544722 0.147330373552644 1.19899312263134 0.142394712354703 1.6334745649809 0.223918696552644
1.46295531448602 0.0681900415781891 1.64384106356914 0.141661661963432 1.20803768766351 0.135904744519109 1.64774957792749 0.215490768364062
1.4685432136417 0.0646233761153215 1.65331219169107 0.13608018873448 1.21708225269568 0.129648800684936 1.66202459087408 0.207206168946812
1.47413111279738 0.0611985963178969 1.662783319813 0.130573838528023 1.22612681772785 0.123643696902987 1.67629960382067 0.199050890467015
1.47971901195305 0.0579229172824762 1.67225444793492 0.12513794634212 1.23517138276002 0.117903452925572 1.69057461676725 0.19101129229294
1.48530691110873 0.0548019361832898 1.68172557605685 0.119760378846355 1.2442159477922 0.11244361577493 1.70484962971384 0.183087423427731
1.4908948102644 0.0518393501778862 1.69119670417877 0.114441828976102 1.25326051282437 0.107297281137729 1.71912464266043 0.175283668720717
1.49648270942008 0.049059739699502 1.7006678323007 0.109186458644422 1.26230507785654 0.102428012570154 1.73339965560702 0.167608693237401
1.50207060857576 0.0464369841039873 1.71013896042263 0.104001534262655 1.27134964288871 0.0978273996313331 1.74767466855361 0.160075174087449
1.50765850773143 0.0439661131576592 1.71961008854455 0.0988970151091493 1.28039420792088 0.0934825159875846 1.7619496815002 0.152699324538052
1.51324640688711 0.0416400026825092 1.72908121666648 0.0938851016514999 1.28943877295305 0.089376809751691 1.77622469444679 0.145517582368979
1.51883430604279 0.0394496693808564 1.7385523447884 0.0889797503248201 1.29848333798522 0.0854911600514257 1.79049970739338 0.138556384841845
1.52442220519846 0.0373846342858375 1.74802347291033 0.0842102181882925 1.30752790301739 0.0818050249591135 1.80477472033996 0.13182252617761
1.53001010435414 0.0354333401972996 1.75749460103226 0.0795906362046337 1.31657246804957 0.0782976058941437 1.81904973328655 0.125335618018778
1.53559800350981 0.0335836078813607 1.76696572915418 0.0751297849701326 1.32561703308174 0.0749491139601461 1.83332474623314 0.119112743606513
1.54118590266549 0.0318263841823288 1.77643685727611 0.0708420891581729 1.33466159811391 0.0717581506397411 1.84759975917973 0.113167616702059
1.54677380182117 0.0301519467296461 1.78590798539804 0.066740415325136 1.34370616314608 0.0686888761798227 1.86187477212632 0.107509901437697
1.55236170097684 0.02854066563156 1.79537911351996 0.062835591433493 1.35275072817825 0.0657307141831402 1.87614978507291 0.102144713866767
1.55794960013252 0.0269837984961586 1.80485024164189 0.0591359849296162 1.36179529321042 0.0628761649007023 1.8904247980195 0.0970943432570878
1.56353749928819 0.0254743815566142 1.81432136976381 0.0556471536363154 1.37083985824259 0.0601204932091298 1.90469981096609 0.0923538698870627
1.56912539844387 0.0240073689783482 1.82379249788574 0.0523749398392482 1.37988442327477 0.0574612595721697 1.91897482391267 0.087885504322961
1.57471329759955 0.0225796773708242 1.83326362600767 0.0493431389856783 1.38892898830694 0.0548977410346527 1.93324983685926 0.0836738560554705
1.58030119675522 0.0211901353425212 1.84273475412959 0.0465165733216634 1.39797355333911 0.0524302900571468 1.94752484980585 0.079701008237267
1.5858890959109 0.0198393402252348 1.85220588225152 0.0438864535447454 1.40701811837128 0.0500596793474337 1.96179986275244 0.0759473694877374
1.59147699506658 0.01853336910761 1.86167701037344 0.0414415658810287 1.41606268340345 0.0477983589393103 1.97607487569903 0.072392534820824
1.59706489422225 0.0172756372957579 1.87114813849537 0.039168736773212 1.42510724843562 0.0456352839218183 1.99034988864562 0.0690161259601155
1.60265279337793 0.016067861449356 1.8806192666173 0.0370533466137806 1.43415181346779 0.0435666034674176 2.00462490159221 0.0658080902299135
1.6082406925336 0.014914329324233 1.89009039473922 0.0350798714288784 1.44319637849997 0.0415887236978619 2.0188999145388 0.0627499125886397
1.61382859168928 0.0138189606593738 1.89956152286115 0.0332324314750434 1.45224094353214 0.0396966810746189 2.03317492748538 0.0598123799870456
1.61941649084496 0.012784985291528 1.90903265098308 0.0315031852099386 1.46128550856431 0.037884303058792 2.04744994043197 0.0569838968308709
1.62500439000063 0.0118146847633468 1.918503779105 0.0298717273758165 1.47033007359648 0.0361444601934183 2.06172495337856 0.0542553303739852
1.63059228915631 0.0109092067110458 1.92797490722693 0.028317871293939 1.47937463862865 0.0344693899722316 2.07599996632515 0.0516198259663986
1.63618018831198 0.0100684589136688 1.93744603534885 0.0268303680351748 1.48841920366082 0.0328510717636825 2.09027497927174 0.0490725261798016
1.64176808746766 0.00929882326988208 1.94691716347078 0.0253997265689633 1.49746376869299 0.0312858130579944 2.10454999221833 0.046610212873503
1.64735598662334 0.00858984035558434 1.95638829159271 0.0240182639264004 1.50650833372517 0.0297619550583331 2.11882500516492 0.0442359266922338
1.65294388577901 0.0079363148999143 1.96585941971463 0.0226800926197751 1.51555289875734 0.0282722726648277 2.13310001811151 0.0419515686575777
1.65853178493469 0.00733366824871342 1.97533054783656 0.0213810537746047 1.52459746378951 0.0268127389810574 2.14737503105809 0.0397475023222733
1.66411968409037 0.00677698835374055 1.98480167595848 0.0201187056556771 1.53364202882168 0.0253809710506902 2.16165004400468 0.0376223276343282
1.66970758324604 0.00626126963988785 1.99427280408041 0.0188973357646073 1.54268659385385 0.0239762917498188 2.17592505695127 0.0355741408428841
1.67529548240172 0.00578163350465917 2.00374393220234 0.0177123466459627 1.55173115888602 0.0225996928306626 2.19020006989786 0.0336004690883792
1.68088338155739 0.00533352038644839 2.01321506032426 0.0165655093207598 1.56077572391819 0.0212536991053709 2.20447508284445 0.0316982844098285
1.68647128071307 0.004913410813628 2.02268618844619 0.0154592736280547 1.56982028895036 0.0199421374246274 2.21875009579104 0.0298640906852172
1.69205917986875 0.00451965387708171 2.03215731656811 0.0143965690138323 1.57886485398254 0.0186737850941686 2.23302510873763 0.0280972827220995
1.69764707902442 0.00414641003851015 2.04162844469004 0.0133806081234972 1.58790941901471 0.0174539321505973 2.24730012168422 0.0263964427545318
1.7032349781801 0.00379189805254367 2.05109957281197 0.0124146945634557 1.59695398404688 0.0162856271469432 2.2615751346308 0.0247510695134625
1.70882287733577 0.00345492584295222 2.06057070093389 0.0115020362994073 1.60599854907905 0.0151733745181881 2.27585014757739 0.0231584236715284
1.71441077649145 0.00313482125096507 2.07004182905582 0.0106498611673986 1.61504311411122 0.0141206344722088 2.29012516052398 0.0216165620666633
1.71999867564713 0.0028313525081001 2.07951295717775 0.00986147441948492 1.62408767914339 0.0131295569894817 2.30440017347057 0.0201244366222212
1.7255865748028 0.00254464296568065 2.08898408529967 0.00913371331679645 1.63313224417556 0.0122008146187407 2.31867518641716 0.0186819376692523
1.73117447395848 0.00227508410069707 2.0984552134216 0.00846709257171391 1.64217680920774 0.0113335423630746 2.33295019936375 0.0172898807519381
1.73676237311416 0.00202449962504787 2.10792634154352 0.00786121807909244 1.65122137423991 0.0105253879726999 2.34722521231034 0.015952492825065
1.74235027226983 0.00179400186340747 2.11739746966545 0.0073147485046774 1.66026593927208 0.00977601824244025 2.36150022525692 0.0146769562545156
1.74793817142551 0.00158279458632011 2.12686859778738 0.00682538894713604 1.66931050430425 0.00907958121297828 2.37577523820351 0.0134600998818148
1.75352607058118 0.00139143814051339 2.1363397259093 0.00638991758413379 1.67835506933642 0.00842655483587694 2.3900502511501 0.0123049932241756
1.75911396973686 0.00122034612932593 2.14581085403123 0.00600424580687591 1.68739963436859 0.00781143294515846 2.40432526409669 0.0112144899821258
1.76470186889254 0.00106974114925356 2.15528198215315 0.00566883493945241 1.69644419940076 0.00722909662399098 2.41860027704328 0.0101910161076974
1.77028976804821 0.000939616526937329 2.16475311027508 0.00537112704675066 1.70548876443294 0.00667511454826455 2.43287528998987 0.00923638431297126
1.77587766720389 0.000829704381978892 2.17422423839701 0.00510462251350496 1.71453332946511 0.00614597043643798 2.44715030293646 0.00835164044238462
1.78146556635956 0.000739450472489814 2.18369536651893 0.00486319703757863 1.72357789449728 0.00563920645488617 2.46142531588305 0.00753959211919847
1.78705346551524 0.000669888316623982 2.19316649464086 0.00464085151423688 1.73262245952945 0.0051534758366432 2.47570032882963 0.00680497159222838
1.79264136467092 0.000618116219461652 2.20263762276278 0.00443190386079825 1.74166702456162 0.00468957802534517 2.48997534177622 0.00613648520589531
1.79822926382659 0.000581763350429511 2.21210875088471 0.00423116680001098 1.75071158959379 0.00424941020464583 2.50425035472281 0.00553090888218635
1.80381716298227 0.000558920744594689 2.22157987900664 0.00403410539320621 1.75975615462596 0.00383266178275531 2.5185253676694 0.00498433921488969
1.80940506213795 0.0005474663995959 2.23105100712856 0.00383677064460464 1.76880071965814 0.00344110632686899 2.53280038061599 0.00449234392601221
1.81499296129362 0.000545119705827954 2.24052213525049 0.00363581675156945 1.77784528469031 0.00307644028928373 2.54707539356258 0.0040501240067968
1.8205808604493 0.000549504941644137 2.24999326337242 0.00342993327161995 1.78688984972248 0.00274004493711255 2.56135040650917 0.00365268188010059
1.82616875960497 0.000558222098666258 2.25946439149434 0.00321866953939091 1.79593441475465 0.00243279614690188 2.57562541945576 0.00329602952059065
1.83175665876065 0.00056892037054021 2.26893551961627 0.00300237531864556 1.80497897978682 0.00215493185387194 2.58990043240234 0.00297776137859379
1.83734455791633 0.000578964811349351 2.27840664773819 0.0027820921268983 1.81402354481899 0.00190598335511316 2.60417544534893 0.00268825565626496
1.842932457072 0.000586250082307604 2.28787777586012 0.002559425404437 1.82306810985116 0.0016855621264848 2.61845045829552 0.0024237060837284
1.84852035622768 0.00058929036537155 2.29734890398205 0.00233640357830177 1.83211267488334 0.00149334175464353 2.63272547124211 0.00218083331220395
1.85410825538335 0.00058697219520409 2.30682003210397 0.00211533020112452 1.84115723991551 0.00132378273405971 2.6470004841887 0.00195689895947812
1.85969615453903 0.000578574819893889 2.3162911602259 0.00189960588668016 1.85020180494768 0.00117416827488745 2.66127549713529 0.00174969661847495
1.86528405369471 0.000563772935378912 2.32576228834782 0.00169154330447865 1.85924636997985 0.00104175487818863 2.67555051008188 0.00155752210370635
1.87087195285038 0.000542622080179288 2.33523341646975 0.00149310565741419 1.86829093501202 0.000923923600872459 2.68982552302847 0.00137941966946822
1.87645985200606 0.000515527479362148 2.34470454459168 0.00130605859346291 1.87733550004419 0.000818302941380245 2.70410053597505 0.00121595614761253
1.88204775116174 0.000483005805101866 2.3541756727136 0.00113181486065475 1.88638006507636 0.000722858034465686 2.71837554892164 0.00106476831489929
1.88763565031741 0.000446059217536614 2.36364680083553 0.000971409639473513 1.89542463010854 0.00063594322110428 2.73265056186823 0.000925591415823874
1.89322354947309 0.00040637682475904 2.37311792895746 0.000825494558724127 1.90446919514071 0.000556397882357849 2.74692557481482 0.000798233882189909
1.89881144862876 0.000365150289997002 2.38258905707938 0.000694348383557938 1.91351376017288 0.000484018927230198 2.76120058776141 0.000682520821904428
1.90439934778444 0.000323535365121939 2.39206018520131 0.000578561862784502 1.92255832520505 0.000417494559286005 2.775475600708 0.000578247784949701
1.90998724694012 0.000282598511785891 2.40153131332323 0.000478425477485814 1.93160289023722 0.000356631987146925 2.78975061365459 0.000485145179245572
1.91557514609579 0.00024327443202021 2.41100244144516 0.000391613550422997 1.94064745526939 0.000301352632681726 2.80402562660118 0.000403009063368636
1.92116304525147 0.000206335301971902 2.42047356956709 0.000317199551417837 1.94969202030156 0.000251625036781472 2.81830063954776 0.000332623726235523
1.92675094440714 0.000172372096535613 2.42994469768901 0.00025414547759155 1.95873658533374 0.000207409974994788 2.83257565249435 0.000271735799111922
1.93233884356282 0.000142114766301063 2.43941582581094 0.000201346013878299 1.96778115036591 0.000168619523620831 2.84685066544094 0.000219638545110922
1.9379267427185 0.000115661323962084 2.44888695393286 0.00015766822273069 1.97682571539808 0.000135090789630071 2.86112567838753 0.00017557048008997
1.94351464187417 9.27876381245637e-05 2.45835808205479 0.000121986238678077 1.98587028043025 0.000106574010064183 2.87540069133412 0.000138736678020077
1.94910254102985 7.33507662656617e-05 2.46782921017672 9.32105753009742e-05 1.99491484546242 8.32873778687794e-05 2.88967570428071 0.00010832985129391
1.95469044018553 5.71191629463337e-05 2.47730033829864 7.08560615766939e-05 2.00395941049459 6.41412551043033e-05 2.9039507172273 8.35504539135818e-05
1.9602783393412 4.37992734414194e-05 2.48677146642057 5.33414122774506e-05 2.01300397552676 4.86385848219681e-05 2.91822573017389 6.36547825188041e-05
1.96586623849688 3.3060127504213e-05 2.49624259454249 3.96599893855917e-05 2.02204854055894 3.62972853544959e-05 2.93250074312047 4.8378684401033e-05
1.97145413765255 2.45551365033454e-05 2.50571372266442 2.91098362966172e-05 2.03109310559111 2.66432435952686e-05 2.94677575606706 3.63274611049385e-05
1.97704203680823 1.79404762454531e-05 2.51518485078635 2.1082720593519e-05 2.04013767062328 1.92264333733742e-05 2.96105076901365 2.69397109219289e-05
1.98262993596391 1.30485030527809e-05 2.52465597890827 1.5059770417906e-05 2.04918223565545 1.3633266515528e-05 2.97532578196024 1.97221260724528e-05
1.98821783511958 9.35903521656679e-06 2.5341271070302 1.06053857000287e-05 2.05822680068762 9.49501793558658e-06 2.98960079490683 1.42479680635902e-05
1.99380573427526 6.60833313783095e-06 2.54359823515213 7.35988273254822e-06 2.06727136571979 6.49242822550679e-06 3.00387580785342 1.0153999600544e-05
