Population	Motherline	Flowering_date(d)	Rosette_diameter(mm)	N_leaves_on_stalk	Stalk_width(mm)	Stalk_hight(mm)	Calyx_width(mm)	Petal_area(mm)	Petal_length(mm)	Petal_width(mm)	Flower_length(mm)	Bract_length(mm)	Bract_width(mm)	Calyx_length(mm)	Ovary_length(mm)	Ovary_width(mm)	Ecotype
Unterstalden	Unt_1	34	75.9	10	1.7	366	2.7	42.1	9.2	6.9	14.1	8.8	4.6	14.8	5	1.5	Dc_low
Unterstalden	Unt_1	34	95.2	8	1.3	351	3.1	40	8.7	6.6	12.3	6.2	3.2	13.5	4.3	1.5	Dc_low
Unterstalden	Unt_1	43	64.7	8	1.2	216	2.4	47.5	9.4	7.2	11.4	6.2	3.4	11.2	3.9	1.5	Dc_low
Unterstalden	Unt_2	34	89	8	1.6	450	3.6	50.8	9.8	7.7	15.3	8.2	4.1	14.1	4.4	1.5	Dc_low
Unterstalden	Unt_2	39	95.1	10	1.3	335	3.5	57.4	10.1	8.3	13.6	8.2	3.8	14.4	5.2	1.6	Dc_low
Unterstalden	Unt_2	32	81.2	8	1.9	346	2.9	51.1	9.6	7.8	13.5	7.7	4.6	13.3	4.6	1.6	Dc_low
Unterstalden	Unt_2	36	111.1	8	1.7	410	4	45.1	9.8	7.2	12.8	8	5.1	12.5	5.3	1.5	Dc_low
Unterstalden	Unt_3	36	114.5	10	1.8	465	2.6	42.6	9.1	7.3	14.5	8.5	4	15.3	4.4	1.8	Dc_low
Unterstalden	Unt_3	46	104.5	14	1.2	570	3.6	50.3	9.9	7.8	13.9	6.9	3.7	14.2	4.8	1.8	Dc_low
Unterstalden	Unt_3	39	106.8	12	1.8	538	3.3	53.6	9.8	8.4	13.4	7.9	4.3	14.8	5.1	1.5	Dc_low
Unterstalden	Unt_4	46	88	10	1.5	370	2.9	43.9	10.1	6.5	13.3	6.6	3.6	13.7	4.8	1.4	Dc_low
Unterstalden	Unt_4	36	120.5	12	1.7	411	2.8	46	9.5	7	15.3	7.2	4.2	14.6	4.7	1.6	Dc_low
Unterstalden	Unt_4	39	92.2	10	1.5	321	3	58.3	10.8	7.3	15.1	7.5	3.6	14.4	5	1.5	Dc_low
Unterstalden	Unt_5	32	83.4	8	2.2	303	2.6	35.1	7.9	6.6	12.8	6.6	4.1	11.8	4.1	1.3	Dc_low
Unterstalden	Unt_5	48	105.3	12	1.5	471	2.4	55.5	10.5	7.9	14.6	5.8	3.7	13	4.8	1.5	Dc_low
Unterstalden	Unt_5	43	81.6	12	1.6	355	2.5	18.3	6.2	4.1	11.7	6.9	2.5	12	4.2	1.6	Dc_low
Unterstalden	Unt_6	39	106.4	10	1.8	453	3.5	41.2	8.2	6.9	14.7	7.6	4.3	13.4	4.4	1.6	Dc_low
Unterstalden	Unt_6	57	95.2	10	1.8	412	3.5	29.6	6.7	6.4	12.5	5.1	3	12.2	3.6	1.5	Dc_low
Unterstalden	Unt_6	46	76.6	12	1.3	440	3.2	54.2	8.9	8.7	16.1	7.2	4.1	14.9	4.5	1.8	Dc_low
Unterstalden	Unt_7	39	90.4	10	1.3	256	2.6	52.9	10	8	13.2	6.9	3.9	13.6	5.1	1.4	Dc_low
Unterstalden	Unt_7	46	83.8	10	1.3	420	3.4	52.4	9.2	8.5	14	6.1	3.7	13.8	5.2	1.7	Dc_low
Unterstalden	Unt_8	36	98.8	8	1.8	309	3.3	47.7	9.3	8.3	14	8.2	5.3	13.3	4.8	1.7	Dc_low
Unterstalden	Unt_8	41	96.4	10	1.6	475	2.9	36.2	7.7	7.1	13.7	7.7	3.8	13.8	4.5	1.7	Dc_low
Unterstalden	Unt_9	34	96.7	10	1.7	396	3.1	38.3	7.8	7.4	13.1	7.9	5.4	12.4	4.1	1.4	Dc_low
Unterstalden	Unt_9	43	86.2	6	1.1	161	2.7	15.7	5.2	4.1	10.3	6.4	3.5	9.1	3.8	1.7	Dc_low
Unterstalden	Unt_9	34	104.5	8	1.5	284	2.9	31.7	7.3	6	11.8	6.7	4.1	11.4	5	1.7	Dc_low
Unterstalden	Unt_10	39	79.6	4	1.5	171	3	42.1	8.7	7.7	14.6	8	3.9	11.8	5	1.6	Dc_low
Unterstalden	Unt_10	53	94.4	14	1.6	451	3.3	67.5	9.7	10.5	15.9	6.5	4.3	12.6	5.2	2.5	Dc_low
Unterstalden	Unt_10	48	106.9	10	1.2	352	2.9	45.5	8.8	7.8	13.7	7	4.7	13.8	4.6	1.7	Dc_low
Unterstalden	Unt_11	39	132.4	8	1.5	282	2.8	35.3	8.3	6.1	11.8	7.4	3.7	13	4.4	1.9	Dc_low
Unterstalden	Unt_11	36	118.9	8	2	433	3.4	61.3	10.5	8.3	13.6	7.7	3.7	15	4.8	2	Dc_low
Unterstalden	Unt_11	36	122.5	10	2.3	557	3.4	63.5	10.5	36.3	14.6	8.4	4.6	13.7	4.8	2.1	Dc_low
Unterstalden	Unt_12	34	111.4	8	2.1	354	3.2	30.7	7	6.2	8.5	7.5	4.9	11.2	3.1	1.3	Dc_low
Unterstalden	Unt_12	36	95.3	10	1.7	470	2.9	47.1	9.5	7.1	13.7	7	3.8	13.2	4.6	1.4	Dc_low
Unterstalden	Unt_12	32	112.7	8	1.7	372	3	41.3	9	6.6	14.5	8.1	3.6	14.2	4	1.5	Dc_low
Unterstalden	Unt_13	29	121.7	8	1.9	457	3.4	54.8	10.5	7.8	13.4	9	5	14.6	4.9	1.8	Dc_low
Unterstalden	Unt_15	48	102	10	1.1	325	2.8	41.7	9.1	6.3	13.5	6.8	3.3	12.7	4.6	1.5	Dc_low
Unterstalden	Unt_16	39	100.4	8	1.6	382	2.9	35.1	7.5	6.7	13.3	8	4.7	13.7	4.6	1.7	Dc_low
Unterstalden	Unt_16	32	136.2	12	2.2	537	3.7	74.4	13.3	8.3	15.4	10.7	5.1	16.1	5.2	1.8	Dc_low
Unterstalden	Unt_16	32	145.1	12	1.7	483	3.5	60.6	10.6	8.5	15.4	7.6	4.7	15.2	6	1.6	Dc_low
Unterstalden	Unt_16	39	111.3	12	1.7	433	3	58.7	10.7	8.1	14.4	7.8	4.1	14.5	5.2	1.8	Dc_low
Unterstalden	Unt_17	36	106.3	8	1.1	240	3.2	47.9	9.3	7.8	14.4	6.5	3.7	12.1	5	1.5	Dc_low
Unterstalden	Unt_17	36	82.8	8	1.4	354	3.4	64.8	10.3	8.9	14.5	7.3	4.8	13.7	5.3	1.8	Dc_low
Unterstalden	Unt_17	34	96.9	10	2.1	402	3.1	56.2	10.5	8	15.1	8.1	4.6	14	5	1.5	Dc_low
Unterstalden	Unt_18	43	109.5	12	1.5	445	3.2	35.8	8.3	6.5	14.2	8.2	4.4	14.2	4.7	1.8	Dc_low
Unterstalden	Unt_18	47	118.4	14	1.2	420	2.9	52.7	10.3	7.4	15.1	7.3	4	15.1	4.8	8.4	Dc_low
Unterstalden	Unt_18	48	132	8	1.1	371	3.1	38.5	8.3	6.5	14.7	7.3	5.2	15.7	5.3	1.6	Dc_low
Unterstalden	Unt_19	41	119.7	8	1.4	381	2.4	54.2	10.4	8.3	13.2	6.3	2.8	14	4.2	1.2	Dc_low
Niedergampel	Nie_1	6	115.8	4	1.2	114.6	3	35.9	9.8	5.1	11.4	7.9	4.1	13.5	5.4	1.7	Dc_low
Niedergampel	Nie_1	41	104.3	8	1.4	252	2.3	33.2	8.8	5.4	12.7	5.1	2.1	11.6	3.7	1.545833333	Dc_low
Niedergampel	Nie_2	66	110.6	12	1.4	446	2.4	25.4	7.9	4.9	13.1	6.2	3	14	5.6	1.8	Dc_low
Niedergampel	Nie_3	61	124.4	10	1.3	426	3.7	49.2	9.1	7.9	14.3	6.9	3.7	15.1	3.9	1.1	Dc_low
Niedergampel	Nie_3	61	122.3	14	1.9	591	2.4	44.1	8.8	7	12.9	5.9	4.1	14.2	3.3	1.2	Dc_low
Niedergampel	Nie_3	61	115.7	14	1.3	398	3.2	40.7	8.8	6.8	14.2	7.1	4	15	4.8	1.7	Dc_low
Niedergampel	Nie_3	53	129.4	12	1.3	372	3.2	49.4	9	8	14.2	6.7	3.4	13.7	5	1.7	Dc_low
Niedergampel	Nie_4	66	125.6	14	1.6	464	2.9	57.9	9.4	8.5	14.5	7.1	4.6	14.8	5.1	1.9	Dc_low
Niedergampel	Nie_4	57	145.2	14	2.2	702	3	32.9	8	5.7	14.1	5.4	3.3	15.1	5.1	1.6	Dc_low
Niedergampel	Nie_4	63	147.6	14	1.6	543	2.9	33.3	8	5.6	13	6.9	3	14.9	4.897959184	1.4	Dc_low
Niedergampel	Nie_5	63	106.4	12	1.5	411	2.8	39.6	7.8	7.2	15.4	6.3	2.9	14.6	4.1	1.5	Dc_low
Niedergampel	Nie_5	57	137.6	12	2.2	554	2.8	42.6	9	6.6	15.3	6.6	2.9	15.1	5.2	1.3	Dc_low
Niedergampel	Nie_6	48	133.5	12	1.8	583	3.3	43.346	8.954	6.764	14.032	6.716	3.442	14.508	4.897959184	1.545833333	Dc_low
Niedergampel	Nie_6	53	144.9	10	1.3	344	3.3	49.2	10.6	6.7	15.8	6.8	3.2	16.2	6.2	1.8	Dc_low
Niedergampel	Nie_7	53	132.5	10	1.3	361	3.1	51.8	9.9	7.4	15.3	7	3.2	16.7	5.5	1.5	Dc_low
Niedergampel	Nie_7	57	123.7	12	1.8	391	2.9	44.8	8.6	7.6	15.7	7.5	4.1	14.4	5	1.3	Dc_low
Niedergampel	Nie_8	46	143.4	12	1.4	382	2.9	54.3	9.9	7.8	14	7.5	3.9	14.1	4.9	1.6	Dc_low
Niedergampel	Nie_8	63	150.5	14	1.7	584	2.5	45	8.4	7.1	14.7	7.2	4.1	17.1	5.1	1.5	Dc_low
Niedergampel	Nie_8	50	154.2	12	1.3	525	2.7	62	11.7	7.3	14.5	5.5	3.1	15	4.6	1.3	Dc_low
Niedergampel	Nie_9	41	143.3	12	1.6	497	3.2	49	9.2	7.5	14	8	4.1	14.8	5.2	1.3	Dc_low
Niedergampel	Nie_10	46	102.8	14	1.6	482	2.3	20.9	6.4	4.9	11.8	6.4	2.2	12.1	4.4	1.4	Dc_low
Niedergampel	Nie_10	48	108.1	8	1.2	356	2.5	33.9	7.4	6.4	13.8	6.6	2.8	12.3	4.5	1.6	Dc_low
Niedergampel	Nie_10	16	65	4	2.1	178	3.4	37.6	8.8	6.1	15.9	7.6	4.4	14.4	6	1.9	Dc_low
Niedergampel	Nie_11	61	105.5	12	1.4	421	2.7	33.5	7.8	5.9	13.2	5.9	3.3	14	4.3	1.2	Dc_low
Niedergampel	Nie_11	53	139	12	1.5	495	2.7	34	7.8	5.6	14.4	6.4	3.6	15.2	5.5	1.3	Dc_low
Niedergampel	Nie_11	61	140.9	14	1.2	461	2.5	44	9.1	7.2	13.4	7	3.5	14.4	4.1	1.2	Dc_low
Niedergampel	Nie_12	61	123.9	12	1.3	386	2.4	30.2	7.5	5.9	15.1	7.2	3.7	15.3	4.8	1.3	Dc_low
Niedergampel	Nie_13	61	102.6	14	1.6	472	3.3	31.2	7.6	5.8	12	5.1	2.4	13.9	4.5	1.5	Dc_low
Niedergampel	Nie_14	63	146.8	14	1.4	490	2.7	72.2	10.5	9.8	15.4	7.2	4.2	15	5.7	1.7	Dc_low
Niedergampel	Nie_14	55	147.4	14	1.9	522	2.6	53.6	10	7.6	14	7.9	4.2	15.7	3.6	1.1	Dc_low
Niedergampel	Nie_14	75	125.5	14	1.3	585	3	55.5	10.2	8.3	13.3	7.4	3.6	14.2	5.7	2.6	Dc_low
Niedergampel	Nie_15	61	138.5	10	1.3	332	2.9	57.4	10.2	8	14.6	6.9	3.3	14.8	5.3	1.6	Dc_low
Niedergampel	Nie_15	43	147.1	10	1.8	279	3	32.3	7.8	5.7	14.1	6.7	4.5	13.7	4.9	1.5	Dc_low
Niedergampel	Nie_15	16	144	8	1.7	311	3	36.4	6.8	7.1	13.7	6.4	2.8	13.4	4.2	1.6	Dc_low
Niedergampel	Nie_16	61	138.9	14	1.5	469	2.6	45.4	10	6.4	13.9	6.4	2.9	13.5	4.9	1.4	Dc_low
Niedergampel	Nie_16	53	152.6	14	1.3	489	2.7	63.9	11.5	7.8	15.7	6.1	3.5	14.8	5.5	1.9	Dc_low
Niedergampel	Nie_17	66	131.8	14	1.7	494	3.2	46.8	8.7	7.5	14.2	7.7	3.3	15.6	5.2	2.1	Dc_low
Niedergampel	Nie_17	55	141.3	12	1.2	394	2.8	37.8	8.9	5.7	15.4	6.6	3.7	15	5.5	1.3	Dc_low
Niedergampel	Nie_17	53	100.2	12	1.4	446	2.5	35.7	8.5	5.5	14.7	6.3	2.5	15.7	5.3	1.6	Dc_low
Niedergampel	Nie_17	61	150.2	12	1.7	504	3.3	42.2	9	6.9	12.8	6.2	3.1	14.7	4.2	1.5	Dc_low
Niedergampel	Nie_18	61	100.9	12	1.9	414	2.8	35.5	8.7	5.6	12.8	6	3.2	12	4.8	1.5	Dc_low
Niedergampel	Nie_18	61	115	12	2	511	2.9	41.1	8.4	6.7	11.8	6.8	3.3	13	4.5	2	Dc_low
Niedergampel	Nie_19	61	137	14	2	654	3.5	48	9.8	6.9	14.3	6.5	3.3	14.9	4.6	1.4	Dc_low
Niedergampel	Nie_19	63	128.4	10	1.4	352	2.8	29.9	7.3	7.4	10	6	3	12.4	3.9	1.545833333	Dc_low
Niedergampel	Nie_20	53	101.3	16	1.9	613	2.7	40	9.1	5.9	15.9	6.7	3.4	14.8	5.1	1.6	Dc_low
Niedergampel	Nie_21	53	88.2	14	2.2	489	3.1	59	9.9	8.2	12.7	7	4.5	13.8	5	1.5	Dc_low
Niedergampel	Nie_22	55	116.8	14	1.4	451	3	47.5	10	6.6	15.6	7.1	2.9	16.1	5.5	1.5	Dc_low
Niedergampel	Nie_22	57	128.9	14	1.8	618	3.1	40.5	9.1	6.3	14.4	7.1	3.2	15.1	5	1.5	Dc_low
Niedergampel	Nie_22	46	130.9	12	1.3	494	3.3	51.9	10	7	15.2	6.1	2.7	14.7	5.8	1.8	Dc_low
Niedergampel	Nie_23	63	124.6	12	1.7	452	2.4	39.4	8.5	6.2	14.4	7.9	4.4	15.9	4.7	1.4	Dc_low
Niedergampel	Nie_23	61	113.2	10	1.2	315	3.2	49.7	9.7	7.2	14	7	3.9	15.1	5.3	1.5	Dc_low
Grengiols	Gre_1	36	119.5	8	1.5	269	3.3	50.3	9.1	7.5	13.9	8.1	4	15.8	5.2	1.9	Dc_low
Grengiols	Gre_1	34	110.5	6	1.5	295	3.5	59.7	11.5	7.3	15.1	8	3.7	15.5	5.2	1.8	Dc_low
Grengiols	Gre_2	36	94.4	8	1.4	340	3.1	49.8	9.8	6.9	12.9	7.8	4.1	14.8	5.5	1.7	Dc_low
Grengiols	Gre_2	36	117.8	8	1.1	211	3.8	53.7	10.6	7.5	13.2	9	4.5	15.6	5.9	1.8	Dc_low
Grengiols	Gre_2	34	117.3	8	1.6	293	2.9	28.3	7.1	5.6	10.5	8.6	4.5	14.3	5	1.8	Dc_low
Grengiols	Gre_3	46	112.2	8	1.4	312	3	26.6	6.6	5.6	12.2	7.5	3.7	13.4	4.4	1.5	Dc_low
Grengiols	Gre_3	41	131.9	8	1.6	344	3	54.9	10.4	8.1	13.4	7.5	4.6	14.6	4.7	1.7	Dc_low
Grengiols	Gre_3	41	106.5	10	1.8	451	3.2	29.4	7.4	5.8	12.2	9.1	4.7	13.5	5.1	2	Dc_low
Grengiols	Gre_4	39	130.6	8	1.3	321	3	40.7	9.7	6.5	13.6	8.2	4.9	15.8	4.9	1.7	Dc_low
Grengiols	Gre_4	34	116.2	8	1.6	295	2.9	28	7.4	5.7	12.1	8.3	4.6	12.1	5.1	2.3	Dc_low
Grengiols	Gre_5	36	99.6	8	1.6	303	2.8	22.5	6.9	4.7	11.1	7.9	3.1	13	4.8	2	Dc_low
Grengiols	Gre_5	36	103	6	1.1	182	2.7	30.3	7.5	6.2	11.3	7	3.3	13.1	4.3	1.6	Dc_low
Grengiols	Gre_6	27	104	6	1.6	261	3.4	61.4	11	8.7	14.3	10	4.4	15.4	6.5	2.1	Dc_low
Grengiols	Gre_6	36	117.5	8	1.7	510	3.8	72.9	11.5	9.7	15.2	8.9	4.5	16.6	5.6	1.8	Dc_low
Grengiols	Gre_6	32	134	8	2	287	3.6	55.8	10.7	8.2	13.4	8.4	4.3	14.1	4.9	2	Dc_low
Grengiols	Gre_7	53	96.4	10	1.2	347	2.9	36	8.5	6.3	13.7	8	3.9	14.2	4.9	1.6	Dc_low
Grengiols	Gre_7	22	107.7	4	1.4	221	3	37.5	8.5	6.8	13.3	7.9	3	13.3	4.5	1.7	Dc_low
Grengiols	Gre_7	24	92.3	6	1.4	228	2.8	35.8	7.5	6.5	11.7	8.4	4.9	14	3.8	1.7	Dc_low
Grengiols	Gre_8	34	107.8	8	1.7	312	3.5	62.6	10.4	9.5	12	8	4.5	14.3	4.3	1.7	Dc_low
Grengiols	Gre_8	19	111.3	8	2.4	342	3.4	42.9	8.4	7.3	11.9	9	5.4	12.9	4.8	2	Dc_low
Grengiols	Gre_8	34	98.2	6	1.6	206	3.2	42.9	8.3	7.7	12.9	9.4	4.7	14.1	4.9	1.7	Dc_low
Grengiols	Gre_9	20	105.5	4	1.3	181	3.4	34.2	7.7	6.6	11.8	8	5.5	12.6	4.6	2.7	Dc_low
Grengiols	Gre_9	32	113.5	10	2.2	357	2.9	39.9	7.9	7.2	11.3	8.7	5.8	13	4.9	2.4	Dc_low
Grengiols	Gre_10	36	128.6	8	1.5	354	3.5	53.9	9.7	8.3	13.6	8.2	5.9	14.1	5.3	1.7	Dc_low
Grengiols	Gre_10	36	100.7	10	1.4	311	3.3	41	8.8	7.1	12.4	7.6	3.5	12	3.8	1.3	Dc_low
Grengiols	Gre_11	46	121.8	12	1.6	397	3.1	63.4	10.9	8.5	13.9	6.5	4.6	13.7	5.9	2	Dc_low
Grengiols	Gre_11	46	110.7	8	1.1	225	3.2	29.8	7.2	5.2	13.2	7	3.4	12.7	6	2.2	Dc_low
Grengiols	Gre_11	39	122.5	8	1.4	315	3.1	66.3	12	8.3	13.6	7.3	4.6	14.9	5.6	1.6	Dc_low
Grengiols	Gre_11	43	116.9	10	1.3	425	3.1	47.9	10.1	7.2	12.6	7.3	3.5	14.4	4.3	1.7	Dc_low
Grengiols	Gre_12	46	131.3	8	1.7	311	2.9	37.9	8.4	6.5	12.7	8.3	4.2	14.1	5	2	Dc_low
Grengiols	Gre_12	48	106.7	10	1.4	269	2.7	36.5	8.5	6.1	12.5	7.8	4.8	13.1	5.2	2.4	Dc_low
Grengiols	Gre_12	29	138.5	8	2	378	3.8	50.4	10.6	7	15.4	7.2	3.8	15.9	5.3	1.7	Dc_low
Grengiols	Gre_13	43	112.8	12	1.6	429	3.2	50.5	9.5	7.6	13.7	7.6	3.9	13.3	4.1	1.6	Dc_low
Grengiols	Gre_15	36	124.8	10	1.6	351	3.1	43.5	9.5	6.9	14.2	8.4	3.9	15.3	5.2	1.5	Dc_low
Grengiols	Gre_15	36	112.2	6	1.3	251	2.9	32	8.3	5.5	12.3	7.9	5.5	11.9	5	1.8	Dc_low
Grengiols	Gre_15	32	101.1	8	1.4	340	2.7	30.6	7.2	6.2	12.1	8.8	4.7	13.4	4.8	1.8	Dc_low
Grengiols	Gre_16	32	122.1	10	2	346	3.1	42.1	8.1	7.3	14.1	8.7	4.5	15.1	4.7	1.9	Dc_low
Grengiols	Gre_16	41	129.6	8	2	391	3.3	41.5	8.2	7.9	13.5	7.7	5.2	14.3	4.1	1.6	Dc_low
Grengiols	Gre_16	46	131.1	12	1.5	404	3.2	55.6	9	9.3	13.5	7.7	5.4	15.9	5.2	1.8	Dc_low
Grengiols	Gre_17	43	113.8	12	1.3	392	2.6	24.1	6.4	5.4	11.2	6.9	4	11.5	5.2	2.1	Dc_low
Grengiols	Gre_17	43	103.9	12	1.3	440	2.9	43.5	9.9	7.1	13.1	8.4	4.1	14.9	5.2	1.6	Dc_low
Grengiols	Gre_18	36	112.9	12	1.5	498	3.7	36.7	7.7	7	11.4	8.4	5.2	12.3	4.5	1.8	Dc_low
Grengiols	Gre_18	39	134.9	10	1.7	391	3.3	46.8	8.9	8.1	13.4	8.3	4.5	12.2	4.6	1.5	Dc_low
Grengiols	Gre_19	36	99.6	8	1.6	212	3.5	51.7	10.4	7.6	13.2	8.3	5.2	12.4	4.6	1.4	Dc_low
Grengiols	Gre_20	46	114.5	10	1.2	445	3.5	44.9	8.4	7.4	13.7	7.7	4.4	15	5	1.8	Dc_low
Grengiols	Gre_20	41	128.3	10	1.2	457	2.8	57.3	9.4	8.7	15.6	9.4	4.6	16.6	5.1	1.9	Dc_low
Grengiols	Gre_20	36	129	10	1.3	401	2.7	34.6	7.8	5.7	12.8	8	4.3	13.5	4.6	1.7	Dc_low
Grengiols	Gre_21	36	123.1	10	1.7	395	3.5	43.5	8.6	7.4	14.5	8.5	5.6	14.6	5.1	2	Dc_low
Gibidumsee	Gib_1	1	83.3	4	1.5	27.6	2.8	40.2	8.5	7.3	12.1	8.8	4.6	11.4	5.2	2.5	Dc_high
Gibidumsee	Gib_1	10	83.5	2	1	35.2	3.3	58.5	10.3	9	14	8.8	6.3	12.3	5.5	2.2	Dc_high
Gibidumsee	Gib_2	1	88.2	2	1.7	36.7	2.8	45.5	8.6	7.5	14.1	10.4	6.3	13.6	5.1	2.5	Dc_high
Gibidumsee	Gib_2	6	56.9	2	1.7	53.2	3.5	49.5	9.9	7.6	14	9.2	5.5	12.3	5.9	1.9	Dc_high
Gibidumsee	Gib_2	11	91.2	2	1.6	53.6	3.5	48.5	8.9	8.4	13	8.1	6.1	13	4.8	1.9	Dc_high
Gibidumsee	Gib_3	8	82.6	2	1.3	85.6	3.5	76	11.9	9.9	14.4	8.7	5.2	13.3	5.8	2.1	Dc_high
Gibidumsee	Gib_3	9	53.9	2	1.6	75.2	4.4	68.9	11.7	9	14.2	9.3	5.6	15.1	5.1	2.1	Dc_high
Gibidumsee	Gib_3	10	113	2	1.4	73.8	3.2	75.2	12.7	8.6	16.5	8.8	6.4	16	4.9	2.3	Dc_high
Gibidumsee	Gib_3	11	78.7	2	1.1	45.6	3.5	55.8	11.1	7.6	15.1	9.6	5.6	15.3	5.3	1.7	Dc_high
Gibidumsee	Gib_3	14	97.3	4	1.5	65.8	3.3	53.8	10.5	7.8	13.4	10.1	6	13.9	5.2	2.3	Dc_high
Gibidumsee	Gib_4	12	40.7	0	1.4	21.8	3.1	39.1	7.5	7.4	14.7	7.4	5.8	13.5	4.2	1.7	Dc_high
Gibidumsee	Gib_4	12	47	2	1.3	43.8	3.6	56.2	9.4	8.9	14.9	8.4	5.7	14.9	5.4	1.9	Dc_high
Gibidumsee	Gib_4	12	51.3	2	1.2	38.7	3.2	46	8.7	7.7	16.4	8.9	6.2	15.2	5.1	1.7	Dc_high
Gibidumsee	Gib_5	9	109.4	2	1.3	48.7	3.2	58.8	11	7.8	14.8	8.8	5.7	14.1	5.5	1.5	Dc_high
Gibidumsee	Gib_5	10	102.9	2	1	60.1	2.9	51.2	9.7	8	14.6	8.7	5.3	13.1	5.6	1.8	Dc_high
Gibidumsee	Gib_5	10	103.1	2	1.3	42	3.3	42.5	9.1	6.8	12.6	8.6	5.9	12.7	4.9	1.9	Dc_high
Gibidumsee	Gib_5	12	50.2	2	1.4	55.4	3.5	35.1	8.1	6.5	13.8	7.7	4.7	12.7	6.3	2	Dc_high
Gibidumsee	Gib_6	10	82.9	2	0.8	46.1	3.6	57.6	10.3	8.2	15.4	9.2	4.6	13.4	5	1.9	Dc_high
Gibidumsee	Gib_6	10	90.9	2	1.2	54.9	3.5	41.3	8.3	7.3	14.5	7.9	5.6	13.2	5.4	1.7	Dc_high
Gibidumsee	Gib_6	14	90.3	2	1.2	87.9	3.5	56.9	10.6	8.5	14.7	8.8	5.4	14.5	5.3	1.7	Dc_high
Gibidumsee	Gib_7	9	75.6	2	1.6	23.8	3.5	59.8	9.6	9.1	13.9	7.5	5.7	14	5.1	2	Dc_high
Gibidumsee	Gib_7	14	88	2	1.7	41.8	3.6	40.5	7.9	7.4	12.3	7	4.9	13.6	4.5	2.3	Dc_high
Gibidumsee	Gib_7	14	87.8	2	1.1	41.5	3.7	38.7	7.7	7.5	12.6	8	4.2	12.1	4.8	2.4	Dc_high
Gibidumsee	Gib_7	17	59.6	2	1.2	26.9	3.2	30.7	7	6.3	12.6	6.7	4.6	10.9	4.4	2.3	Dc_high
Gibidumsee	Gib_8	1	84.5	2	1.1	26.4	3.8	38.6	8.3	6.8	10.9	8.8	5	13.1	6.1	2.3	Dc_high
Gibidumsee	Gib_8	1	93.7	2	1.3	51	3.8	26	6.5	5.7	11.3	8.4	5.1	10.6	4.7	2.6	Dc_high
Gibidumsee	Gib_8	1	83	2	1.9	49.3	3.6	45.8	8.5	7.4	14	8.4	4.6	13.2	5.4	2.7	Dc_high
Gibidumsee	Gib_8	8	86.6	2	1.2	50.7	3.6	67.4	11.3	8.9	15.6	9.4	6.2	14.5	5.3	1.9	Dc_high
Gibidumsee	Gib_9	6	91.3	2	2.1	61.5	4.2	55.9	9	8.6	13	9.1	6.6	13.1	5.2	2.1	Dc_high
Gibidumsee	Gib_9	6	96.4	4	1.9	100.4	3.4	66.3	11.4	9.2	14.5	9.3	5.6	13.3	5.4	1.9	Dc_high
Gibidumsee	Gib_10	6	71.7	2	1.3	53.2	3.3	47.7	9.5	7.5	12.8	8.8	5.3	13.4	5.2	2	Dc_high
Gibidumsee	Gib_10	8	85	2	1.4	54.9	3.8	54.7	10	7.8	13.7	7.7	5.7	13.6	5.4	2.1	Dc_high
Gibidumsee	Gib_10	10	95	2	1.2	80.6	3.3	49.8	9.7	7.7	13.6	8.7	7	12.2	5.5	2.1	Dc_high
Gibidumsee	Gib_10	10	87.8	2	1.1	59.7	1.2	48.6	8.6	8.3	13.8	7.3	4.4	13.1	4.9	2	Dc_high
Gibidumsee	Gib_11	9	97.1	2	1.3	74.6	3.6	68.9	10.4	10.1	13.7	8.4	6.5	12.7	5.1	2.2	Dc_high
Gibidumsee	Gib_11	10	103.8	4	0.9	87.6	3.4	78.9	10.9	10.9	14.1	7.6	8.2	13.7	5.7	2.1	Dc_high
Gibidumsee	Gib_13	9	119.2	2	1.6	73.4	4	69.7	10.4	10	14.7	9.7	6.9	15	4.7	2	Dc_high
Gibidumsee	Gib_13	10	85	2	1.2	50.9	3.8	41.7	8	7.6	14.4	8.5	5.3	14.5	4.6	2.2	Dc_high
Gibidumsee	Gib_13	11	117.3	4	1.3	117.8	3.9	54.6	9.8	8	14.2	8.9	5.8	13.6	5.2	2.1	Dc_high
Gibidumsee	Gib_13	12	59.2	2	1.1	59.2	3.4	42.6	8.8	7.4	14.6	7.3	5	11.9	4.6	1.7	Dc_high
Gibidumsee	Gib_14	9	86.9	2	1.1	89.7	3.1	52.2	10.4	7.8	14	7.7	4.9	13.5	4.7	1.5	Dc_high
Gibidumsee	Gib_14	10	82.3	2	1.1	52.4	3.5	40.4	8.3	7.3	14.8	8.3	5.1	13.3	5.5	2	Dc_high
Gibidumsee	Gib_14	12	71.7	2	1.4	65.4	3.8	36.8	7.7	7.1	14.5	7.6	5.5	12.9	4.8	1.9	Dc_high
Gibidumsee	Gib_14	12	69.3	4	1.4	71.1	3.2	48.7	9.3	8.2	15.3	7.4	4.6	13.7	5.4	1.9	Dc_high
Gibidumsee	Gib_14	14	81.3	2	1	37.6	3.5	47.2	9	7.7	15.1	7.5	4.1	13.6	5.1	1.9	Dc_high
Gibidumsee	Gib_15	8	84.1	2	1.2	64.5	4.6	70	10.1	10.5	14.5	8.2	6.2	12.7	5.4	1.8	Dc_high
Gibidumsee	Gib_15	9	82	2	1.1	37.7	3.8	35.5	7	7.6	12.1	7.6	4.5	11.4	4.3	1.5	Dc_high
Gibidumsee	Gib_16	8	84.4	2	1.4	62.9	3.8	51.1	9.9	7.6	13.4	9	5.4	14.8	5.6	2	Dc_high
Gibidumsee	Gib_16	11	92.8	2	0.9	72.3	3.8	37.4	8.5	6.7	13.6	8.2	5.3	12.8	5.1	1.8	Dc_high
Gibidumsee	Gib_17	10	109.9	2	1.2	95.6	3.5	48.6	8.5	8.1	14.6	8.5	4.6	13.1	4.7	1.7	Dc_high
Gibidumsee	Gib_17	10	99	2	1.2	76.7	3.7	66.2	9.4	10	14	9.3	5.9	13.9	5.5	1.8	Dc_high
Gibidumsee	Gib_17	10	88.3	4	0.8	99.7	3.8	50.6	8.4	8.3	14.3	8.5	5	13.1	5.3	1.5	Dc_high
Gibidumsee	Gib_17	10	110	2	1.1	90.9	3.8	52.5	9.2	8.2	14.7	9.8	5.8	13.5	5.5	1.8	Dc_high
Gibidumsee	Gib_18	6	85.7	2	2.3	78	4.1	53.6	9.5	8.4	13.2	8.8	6.1	15.4	5.7	1.8	Dc_high
Gibidumsee	Gib_18	6	79.5	2	1.8	77.4	3.5	53	9.4	8.1	14.8	9.8	6	15	5.8	2.2	Dc_high
Gibidumsee	Gib_18	8	87.5	2	1.3	75.5	3.9	63.5	11.4	8.4	13.3	9	4.8	13.9	5.9	1.8	Dc_high
Gibidumsee	Gib_19	8	115	2	1.4	60.6	3.9	45	9	7.9	13.9	8.5	6.3	13.5	4.9	1.9	Dc_high
Gibidumsee	Gib_19	10	101.6	2	1.6	60.1	4	52.5	10.2	7.5	13.5	9.2	5.5	12.2	5.3	1.8	Dc_high
Gibidumsee	Gib_19	10	52.5	2	1.1	67.9	3.2	41.9	8.7	7.1	12.9	8.1	5.1	13.1	5.1	1.6	Dc_high
Gibidumsee	Gib_19	12	54	2	1.2	27.5	3.2	39.6	8.3	7.3	12.9	6.9	3.5	12.1	4.7	1.4	Dc_high
Gibidumsee	Gib_20	8	76.7	2	1.2	38.9	3.8	64.6	10.4	8.7	15.4	8.7	4.9	14.4	5	2.2	Dc_high
Gibidumsee	Gib_20	9	86.9	2	0.8	58.2	3.3	56.9	10.1	8.7	14.5	8.9	5.3	14.1	5.1	1.9	Dc_high
Gibidumsee	Gib_20	12	56.1	0	1.5	30.6	3	43.3	8.4	7.4	13.5	8.1	4.3	12.5	4.8	1.7	Dc_high
Gibidumsee	Gib_21	9	84	2	1.3	52	3.8	75.5	11.2	10.4	13	8.1	5.6	12.1	5	2.8	Dc_high
Gibidumsee	Gib_21	9	108.5	2	1.4	58.3	3.3	67.9	10.5	9.2	13.2	8.2	5.4	13.5	5.1	2	Dc_high
Gibidumsee	Gib_21	10	95.9	2	1.6	85.4	3.5	70.1	9.4	10.6	12.7	7.9	5	11.5	4.6	1.9	Dc_high
Gibidumsee	Gib_21	11	94.5	2	1.3	45.4	3.3	54	9.6	8.4	14.1	6.3	4.5	13.1	5.6	2	Dc_high
Gibidumsee	Gib_22	9	70	2	1.5	46.7	3.8	70.8	11.2	9.2	14.2	10	5.5	13.1	6	2	Dc_high
Gibidumsee	Gib_22	9	77.6	2	1.2	49.6	3.3	55.3	9.3	9	13.7	7.7	4.9	12.9	4.8	1.6	Dc_high
Gibidumsee	Gib_22	10	91.3	2	0.9	55	3.6	51.9	9.7	7.8	13.6	7.8	4.2	12.6	5.3	1.7	Dc_high
Gibidumsee	Gib_22	11	100.2	2	1.1	51.4	3.3	57.4	9.3	8.6	13.8	6.9	5	12.5	4.8	1.9	Dc_high
Gibidumsee	Gib_22	12	65.9	2	1.2	40	3.5	49.3	7.9	8.5	14	7.1	5.1	12.5	4.8	1.8	Dc_high
Gibidumsee	Gib_22	41	132.1	8	1.2	291	3.1	59.8	10.8	7.8	14.5	8.9	5.1	14.2	5.6	1.7	Dc_high
Faldumalp	Fal_1	8	26.7	6	1.9	152	4	57.8	9.2	8.7	13.6	11.2	4.8	13.6	5.8	1.8	Dc_high
Faldumalp	Fal_1	9	109.2	8	1.8	220	4.3	60.2	9.9	8.8	14.6	11.6	5.9	15.9	6.1	1.9	Dc_high
Faldumalp	Fal_1	12	102	8	1.9	240	3.5	44.3	8.5	7.4	15.5	8.4	5.2	15.3	5.4	2	Dc_high
Faldumalp	Fal_2	10	98.5	6	1.4	260	4.7	49.3	8.9	7.9	14.9	9.5	4.8	15.8	5.1	2	Dc_high
Faldumalp	Fal_3	12	35.5	6	1.8	131.8	2.8	35.2	8	6.3	15.8	7.3	3.9	14.1	5.3	1.9	Dc_high
Faldumalp	Fal_3	12	48	6	1.8	153	3.6	46.6	8.7	7.8	14.1	7.2	5	14.7	5.4	1.8	Dc_high
Faldumalp	Fal_3	18	80.8	6	1.2	100.5	4.1	38.7	7.6	7.1	15.1	7.9	5.6	14.4	4.7	2.3	Dc_high
Faldumalp	Fal_4	10	112.2	8	1.6	185	3.2	59.3	10	8.4	14	8.4	4.3	14	4.7	1.7	Dc_high
Faldumalp	Fal_4	8	74.2	4	1.5	175.6	3.8	45.6	8.8	6.9	14.5	9.4	4.3	14.9	5.3	1.7	Dc_high
Faldumalp	Fal_4	10	75.1	6	1.7	254	3.2	48.9	9.8	7.1	14	9.7	4.9	15.6	5.3	1.9	Dc_high
Faldumalp	Fal_5	10	94.4	2	1	108.6	3.6	48.3	9.5	6.9	14.6	8.8	4	15	5.9	2	Dc_high
Faldumalp	Fal_5	16	104.3	2	1.6	153	3.5	53.6	9.1	8.1	14.6	7.2	4.5	14.1	5.7	1.7	Dc_high
Faldumalp	Fal_6	10	103.9	4	1.3	121.3	4	45.2	9.5	7	12.9	9.1	4.7	14.3	5.3	2	Dc_high
Faldumalp	Fal_7	12	71.7	6	2.3	146.5	3.6	43.2	8.7	7	15.4	8.7	5.4	14.6	5.3	1.9	Dc_high
Faldumalp	Fal_7	14	101.1	6	1.6	232	3.5	56.4	10.9	7.5	12.9	8	5.1	14.4	4.7	1.9	Dc_high
Faldumalp	Fal_7	16	76.4	6	1.6	192	3.8	46.58764045	8.887640449	7.386516854	14.26404494	8.003370787	4.53258427	14.04382022	5.275280899	1.920224719	Dc_high
Faldumalp	Fal_7	16	97.8	4	1.4	188	3.1	48.1	8.9	7.7	13.9	6.8	5.2	13.5	4.8	2	Dc_high
Faldumalp	Fal_8	10	88.3	4	1.5	155.4	3.6	40.4	7.9	6.9	13.9	8.6	4.7	15.5	5.1	2	Dc_high
Faldumalp	Fal_8	14	87.7	4	1.6	142	3.3	49.8	8.3	8.3	13.3	7.6	5.1	13.1	4.9	1.7	Dc_high
Faldumalp	Fal_8	16	124.9	6	1.6	208	3.2	43	8.4	7.1	14.1	8.3	6.2	14.2	5.1	1.9	Dc_high
Faldumalp	Fal_9	16	67.1	4	1.7	163	3.6	35.3	7.5	6.9	14.4	9	5.7	15.2	5.1	2	Dc_high
Faldumalp	Fal_9	16	144.9	6	1.4	230	3.6	30.5	7.5	5.8	14.6	8.2	4.1	13.5	4.4	1.6	Dc_high
Faldumalp	Fal_10	10	117.8	4	2.1	132.3	4	55.6	9.7	8.4	14.1	8.2	3.7	13.7	5.1	1.7	Dc_high
Faldumalp	Fal_10	12	68.3	6	1.6	140.2	4.6	52.3	9.1	8.1	14.1	8.4	5.2	14.1	5.1	1.8	Dc_high
Faldumalp	Fal_11	12	81.9	8	1.6	250	3.7	50.2	9.2	7.9	14.8	8.5	4.4	15	5.1	2.2	Dc_high
Faldumalp	Fal_11	17	100.1	4	1.6	147.8	4.1	36.5	7.3	7.2	13.3	8.6	5.2	15.6	4.7	1.9	Dc_high
Faldumalp	Fal_12	11	87.2	4	1.8	171	4	59.3	10.8	8.1	14.1	7.9	4.1	13.6	5.1	1.6	Dc_high
Faldumalp	Fal_12	12	81.4	4	1.8	126.7	3	32	7.3	6.7	11.9	6.6	3.4	12.4	4.9	1.7	Dc_high
Faldumalp	Fal_12	14	85.1	4	1.3	144	3.2	49.8	8.5	8.3	16.1	7.6	4.5	14.5	5	1.7	Dc_high
Faldumalp	Fal_13	12	40.6	4	2	195	3.3	45.9	8.8	7.5	14	7.6	4	13.3	4.4	2.1	Dc_high
Faldumalp	Fal_13	14	84.6	4	1.5	163	3.2	37.9	7.9	6.4	11.5	6.8	3.8	12.3	5.1	2.4	Dc_high
Faldumalp	Fal_15	10	108.1	2	1.4	111.4	3.3	47.8	8.7	7.7	14.4	6.3	3.3	13.6	5.8	1.8	Dc_high
Faldumalp	Fal_15	12	73.8	4	1.5	128.6	3.524731183	58.5	10.1	8.4	15.6	6.8	3.9	13.6	5.5	1.8	Dc_high
Faldumalp	Fal_15	19	85.3	6	1.7	211	3	56.3	8.6	8.8	13.8	7.6	4.2	13.5	5.1	1.8	Dc_high
Faldumalp	Fal_16	16	94.9	6	1.5	260	3.8	69.5	11.3	8.6	14.9	9.1	4.2	14.6	5.9	2.1	Dc_high
Faldumalp	Fal_16	19	110.6	6	1.9	286	3.7	62.2	10.4	8.7	14.8	8.5	3.7	14.2	6.5	2.1	Dc_high
Faldumalp	Fal_17	10	106.2	8	2	243	3.9	40.2	8.1	6.4	13.6	8.3	5.1	13.8	5.1	1.8	Dc_high
Faldumalp	Fal_17	12	81.2	6	2.6	200	3.5	42.4	8.7	6.5	12.7	6.6	5.3	11.7	5.5	1.9	Dc_high
Faldumalp	Fal_17	14	144.4	6	1.6	191	3.4	41.8	8.2	6.7	13.5	7.3	4.5	12.8	5.3	2	Dc_high
Faldumalp	Fal_18	10	76.4	6	1.9	255	3.8	64.4	9.9	9.3	14.2	8.5	4.6	13.2	4.9	1.8	Dc_high
Faldumalp	Fal_18	12	83.3	6	2.4	188	3.3	42.9	8.7	7.1	13.9	8	5.1	13.6	5.4	2	Dc_high
Faldumalp	Fal_19	11	98.3	6	1.4	162	3.5	48.3	9.2	7.5	14	7.5	4.4	13.8	5.6	1.9	Dc_high
Faldumalp	Fal_19	12	45.1	6	2	193	3.1	47	9	6.6	15.5	6.3	3.7	13.2	5.6	1.9	Dc_high
Faldumalp	Fal_19	14	75.7	6	1.5	216	3.8	57.8	9.9	8.1	14.5	7.4	4.6	14	5.7	2	Dc_high
Faldumalp	Fal_19	16	85.8	6	1.5	198	3	44.3	8.5	7.1	12.6	6.2	3.9	12.8	4.4	1.8	Dc_high
Faldumalp	Fal_20	11	86.4	2	1.6	112	3.2	45.3	9	6.9	14.9	8.3	5	14.5	5.4	1.8	Dc_high
Faldumalp	Fal_20	14	137.6	6	1.4	212	3.8	45.3	8.8	7.2	13.8	7.1	4.2	13.7	5.6	2	Dc_high
Faldumalp	Fal_20	16	105	6	1.8	210	3.2	55.3	9.2	8.2	14.2	7.2	4.4	12	5.6	2.1	Dc_high
Faldumalp	Fal_20	16	78.4	8	1.7	258	3.8	57.6	9.9	8.4	14.9	8.1	5.3	15	5.9	2.3	Dc_high
Faldumalp	Fal_20	20	138.7	6	1.6	257	3.7	49.7	10	7.2	14.6	8.9	3.8	15	5.5	2.2	Dc_high
Faldumalp	Fal_21	17	78.2	6	1.5	205	3.2	32	7.2	6.4	14.4	8.6	5.2	14.7	6.1	2.1	Dc_high
Faldumalp	Fal_21	17	82.1	8	1.6	185	2.8	20.7	5.9	4.9	12	7	4.6	11.1	5.1	2.5	Dc_high
Faldumalp	Fal_22	10	127.1	4	1.4	181	3.3	61.4	10.2	9	15.4	9.4	5.1	14.3	5.2	2.1	Dc_high
Faldumalp	Fal_22	11	110.2	6	1.5	210	3.6	46.5	8.7	8	15.3	8.5	5.2	11.9	5	2	Dc_high
Faldumalp	Fal_22	17	97.3	6	1.3	202	3.8	33.7	7.9	6	14.7	7.4	4.4	13.7	4.6	1.8	Dc_high
Faldumalp	Fal_23	10	93	6	0.8	133.1	3.8	38.6	8.3	6.5	13.5	8.6	3.9	15.9	5	1.8	Dc_high
Faldumalp	Fal_23	14	102.5	4	1.2	154	3.4	36.3	7.7	6.9	13.9	9.4	4.2	13.8	5.2	2.1	Dc_high
Faldumalp	Fal_23	17	31.4	6	1.6	164	3	26.5	6.1	6.3	11.9	7.4	4	12.5	5.2	2.1	Dc_high
Faldumalp	Fal_24	9	92.9	6	1.2	138.2	3.2	46.8	9.4	6.8	14.9	7.4	4.1	13.6	5.6	1.8	Dc_high
Faldumalp	Fal_24	10	84.4	6	1.7	197	3.6	63.4	11.7	7.8	14	9.2	5	15.4	6	2.1	Dc_high
Faldumalp	Fal_24	16	91.8	6	1.7	210	3.4	52	9.8	7	14.7	8.2	5.8	14	5.8	2.1	Dc_high
Faldumalp	Fal_26	10	122.9	6	1.2	197	3.1	35.5	8.9	5.8	14.3	7.1	3.6	15.5	5.7	1.7	Dc_high
Faldumalp	Fal_26	10	126	6	1.4	188	3.3	45	9.8	6.9	13.7	8.6	3.9	13.7	6.2	2.1	Dc_high
Faldumalp	Fal_26	14	134.9	6	1.7	188	2.8	45.2	10.2	6.4	14.7	7.3	3.2	13.7	5.7	1.6	Dc_high
Faldumalp	Fal_27	14	109	6	2	246	4	51.9	9.3	8.2	14.1	8.5	5.5	14.4	5.8	2.1	Dc_high
Faldumalp	Fal_27	14	106.3	6	2	214	3.9	43.2	8.4	7.4	14.7	9.3	5	16.4	5.9	1.8	Dc_high
Faldumalp	Fal_27	18	130.8	6	1.5	227	3.1	44.9	9.4	6.5	15.8	8.6	4.6	17.3	6.2	2.3	Dc_high
Faldumalp	Fal_27	19	147	6	1.7	215	3.5	41.8	9.2	6.5	15.2	7.6	3.7	14.2	5.3	2	Dc_high
Faldumalp	Fal_28	14	131.4	6	1.4	240	3.8	47.7	9.3	7.5	15	8	4	15.6	5.8	1.8	Dc_high
Faldumalp	Fal_28	17	64.8	4	1.4	167	3.3	35.2	7.7	6.4	13.6	7.1	4.6	13.8	5.7	2	Dc_high
Faldumalp	Fal_28	17	86	4	1.6	141.8	3.4	48.7	9.3	7.2	13.6	7.2	4.2	13.4	5.4	2	Dc_high
Faldumalp	Fal_29	11	71.6	6	1.6	189	3.5	59.5	9.9	8	14.8	8.4	5.8	13.9	5.8	1.8	Dc_high
Faldumalp	Fal_29	12	38.6	8	2	175	3.9	51.7	9.4	8	14.9	9.1	5.6	15.2	5.6	1.7	Dc_high
Faldumalp	Fal_29	16	95.2	8	1.3	215	3.3	41.8	8.7	7.1	14.6	7.8	5.4	14.5	5.2	2	Dc_high
Faldumalp	Fal_30	11	84.9	4	2.1	155	3.6	48.3	8.7	7.7	13.7	8.3	3.9	13.6	4.8	1.3	Dc_high
Faldumalp	Fal_30	12	78.6	4	2	140	3.4	35.5	8.9	6.2	13.8	6.6	3.8	13.4	5.1	1.7	Dc_high
Faldumalp	Fal_30	14	86.5	6	1.6	194	4.1	36.8	7.9	7.1	14.2	7.8	4.9	13.6	3.4	1.8	Dc_high
Faldumalp	Fal_31	10	85.1	4	1.5	125.8	3.2	41.8	8.7	7.1	14.3	8.2	5.1	12.6	5	1.6	Dc_high
Faldumalp	Fal_31	14	101.2	4	1.6	191	3.8	53	9.3	8.1	14.7	8.3	4.2	14.5	4.9	2	Dc_high
Faldumalp	Fal_31	16	132.5	8	1.6	190	3.2	58.2	9.8	8.4	14.4	7.9	4.2	13.6	5.2	1.7	Dc_high
Faldumalp	Fal_31	16	85	6	1.5	166	3.4	48.4	8.8	7.8	15.6	8.1	4.6	14.2	5	1.6	Dc_high
Faldumalp	Fal_31	16	62.5	4	1.2	121.2	3.5	27.2	6.6	6.4	13.8	7.7	5.2	12.9	4.4	1.7	Dc_high
Faldumalp	Fal_31	19	118.2	6	1.5	174	3.6	52.6	9.2	8.4	15.1	7.8	4.7	13.2	5.4	1.9	Dc_high
Faldumalp	Fal_32	10	90.8	4	1.7	134.9	3.9	42.5	7.9	7.8	13.8	7.4	4.2	12.7	4.4	1.8	Dc_high
Faldumalp	Fal_32	12	82	4	1.8	139.1	3.3	34.6	7.7	6.8	13.1	6.8	4	12.3	4.9	2.1	Dc_high
Faldumalp	Fal_33	11	117.7	4	1.4	194	3.4	46.58764045	8.887640449	7.386516854	14.26404494	8.003370787	4.53258427	14.04382022	5.275280899	1.920224719	Dc_high
Faldumalp	Fal_33	12	98.1	6	2.2	185	3.5	46.58764045	8.887640449	7.386516854	14.26404494	8.003370787	4.53258427	14.04382022	5.275280899	1.920224719	Dc_high
Faldumalp	Fal_33	14	103.7	4	1.4	161	3.6	46.58764045	8.887640449	7.386516854	14.26404494	8.003370787	4.53258427	14.04382022	5.275280899	1.920224719	Dc_high
Faldumalp	Fal_35	16	97.8	6	1.6	175	3.7	42.3	8.4	7.8	14.6	6.6	3.7	13.7	5	1.9	Dc_high
Faldumalp	Fal_35	16	73.2	6	1.7	210	3.8	46.58764045	8.887640449	7.386516854	14.26404494	8.003370787	4.53258427	14.04382022	5.275280899	1.920224719	Dc_high
Faldumalp	Fal_35	18	106.3	6	1.8	193	3.2	59	9.2	8.9	15.5	7.9	4	15.4	5.1	2.1	Dc_high
Faldumalp	Fal_35	19	117.1	6	1.7	206	3.1	53.1	9.1	8	15.7	7.2	3.6	14.7	5.2	2	Dc_high
Faldumalp	Fal_36	18	82.5	6	1.3	100.8	3.3	39.9	8.7	6.4	14.4	7.8	4.2	14.1	5.5	2.3	Dc_high
Faldumalp	Fal_36	16	88.6	6	1.8	216	3.7	47.3	9.3	7.4	14.1	7.1	3.6	14.1	4.9	2.1	Dc_high
Simplonpass	Sim_2	9	111.5	4	1.5	138.1	3.8	41	8.9	6.8	13.6	8.6	4.4	12.1	5.7	2.1	Dc_high
Simplonpass	Sim_2	9	92.3	2	1	64.9	3.7	61.8	10.2	9.1	13.4	8.1	4.6	13.2	5.2	2.1	Dc_high
Simplonpass	Sim_2	10	115.8	2	1.5	77.9	3.6	61.1	10	8.3	13.3	8	4.7	13.2	5.1	2.2	Dc_high
Simplonpass	Sim_3	8	102	2	1.3	73.5	3.5	55.5	9.9	7.9	14.2	8	4.3	13.8	5.2	1.8	Dc_high
Simplonpass	Sim_3	8	102.3	4	1.5	133.7	3.4	51.8	9.9	7.7	13.8	7.9	4	14.8	6	1.9	Dc_high
Simplonpass	Sim_4	8	110.9	4	1.3	122.2	3.6	60.3	11	7.8	14.3	9.3	4.5	13.5	4.8	1.7	Dc_high
Simplonpass	Sim_4	10	112.3	4	1.3	84.4	3.4	63.5	10.6	8.9	12.5	9.3	6.1	13.6	5.1	2	Dc_high
Simplonpass	Sim_4	10	120.4	4	1.3	117.1	4.1	40.2	7.9	7	13.1	10	6.3	13.2	4.9	2.2	Dc_high
Simplonpass	Sim_5	6	103.7	2	2.1	104.2	3.4	47.9	9.4	7.4	14.1	8.1	4.1	13.8	7.1	1.9	Dc_high
Simplonpass	Sim_5	11	106.2	4	1.1	141	3.1	70.6	11.8	8.5	16	8.7	5.4	15.3	6	2	Dc_high
Simplonpass	Sim_5	12	70.8	4	1.2	104	3.4	52.6	11	7.1	16.3	9	4.2	15.1	6.4	1.6	Dc_high
Simplonpass	Sim_6	9	110.5	4	1.6	96.2	2.7	61.6	10.6	9	15.9	8.8	4.8	14.3	5.9	2.3	Dc_high
Simplonpass	Sim_6	10	106	4	1.1	101.2	3.1	82.7	11.5	10.7	13.9	9.2	4.5	13.8	5.8	2.2	Dc_high
Simplonpass	Sim_6	11	53.3	4	1.5	103.7	3.3	48.3	8.2	8.6	14.8	7.3	4.6	14.1	5.2	1.6	Dc_high
Simplonpass	Sim_7	12	78.5	2	1.3	74.3	3.5	48.2	9.6	7.4	15.1	10.7	5.2	15.8	6.3	2.4	Dc_high
Simplonpass	Sim_7	16	94.8	4	1.2	88.4	3.4	80.4	13.8	8.9	14.5	11.7	5.4	16.4	6.5	2.2	Dc_high
Simplonpass	Sim_7	19	99.6	6	1.3	140.9	3.5	61.7	10	9.2	15.6	9.9	6	15.9	5.5	1.9	Dc_high
Simplonpass	Sim_8	8	109.8	4	1.2	122.5	4.1	45.1	9.6	7.1	12.9	8.3	4.6	13.6	5.7	1.9	Dc_high
Simplonpass	Sim_8	10	112.2	4	1.7	173.5	3.6	52.7	10.3	7.2	14.9	9.4	5.8	13.2	5.5	2.1	Dc_high
Simplonpass	Sim_9	9	118.1	6	1.6	123.5	3.5	53.16923077	10.03461538	7.742307692	14.09230769	8.686538462	4.798076923	13.81730769	5.576923077	1.926923077	Dc_high
Simplonpass	Sim_9	9	82.2	4	1.3	79.5	3.2	49.9	9.9	7.3	12.6	7.1	4	13.2	6.6	2.3	Dc_high
Simplonpass	Sim_9	10	113.2	4	1.3	123.8	3.4	40.7	9.8	6.2	13.7	8.4	4.9	14.4	6.6	2	Dc_high
Simplonpass	Sim_10	39	95.1	4	0.9	152.7	4.3	45	9.7	6.8	12.7	8.2	4.8	14.5	4.4	1.6	Dc_high
Simplonpass	Sim_10	10	99.8	4	0.9	76.8	3.4	54.2	11.6	7.1	14.4	10	5.4	15.2	5	1.6	Dc_high
Simplonpass	Sim_10	16	49.9	4	1	84.5	3.1	55.5	9.6	8.6	11.6	9.1	4.6	13.3	5.3	2	Dc_high
Simplonpass	Sim_11	1	100.7	6	1.1	78.9	3.1	27.2	7.3	5.7	12.2	7.6	3.6	11	5.2	2.5	Dc_high
Simplonpass	Sim_11	8	73.4	4	1.3	68.1	3.2	43.2	9	6.7	13.1	6.5	5.5	12.5	4.9	1.5	Dc_high
Simplonpass	Sim_11	9	107.5	4	1.3	53.5	3.5	53.4	10.1	8.2	14.7	7.7	5.4	13.1	5.3	1.8	Dc_high
Simplonpass	Sim_12	8	95.1	6	1.6	102.8	4	61.9	10.3	9.1	14.5	8.7	5.5	13.4	5.7	1.8	Dc_high
Simplonpass	Sim_12	10	125.7	4	1.4	79.6	3.8	42	9	6.8	14.3	7.8	5.4	13.1	6	1.6	Dc_high
Simplonpass	Sim_12	46	112.9	10	1.3	251	2.9	42.3	9	7.1	14.5	8.2	4.2	14.4	5.4	1.3	Dc_high
Simplonpass	Sim_13	8	91.6	4	1.8	122.5	3.4	48.2	11.1	6.6	14.1	7.6	3.4	13.2	5.3	1.9	Dc_high
Simplonpass	Sim_13	41	106.3	4	1.3	82.3	3.5	40	10.2	5.6	14.3	8.8	5.1	12.2	4.6	1.6	Dc_high
Simplonpass	Sim_14	8	97.6	4	1.4	61.2	3.6	59	11.2	8.2	14.5	8.5	5.6	13.4	5.3	2.2	Dc_high
Simplonpass	Sim_14	12	71	4	1.4	61.1	3.3	44.2	8.7	7.8	15	7	5.6	14.2	5	1.8	Dc_high
Simplonpass	Sim_14	16	71.8	2	1.1	62.5	3.2	45.2	9.2	7.5	13.9	7.4	4.4	12.9	4.9	2	Dc_high
Simplonpass	Sim_15	8	97.4	2	1.5	80.5	3.2	62.2	10.4	8.6	14.4	9.7	5.8	14.9	5.7	2	Dc_high
Simplonpass	Sim_15	10	125.1	4	1.2	94.4	3.6	61.7	11.5	7.8	15.6	9.8	5.5	15.2	5.5	1.6	Dc_high
Simplonpass	Sim_15	10	130.7	4	1.3	96.6	3.2	45.8	9	7.5	14.6	8.8	4.6	14.3	5.5	1.8	Dc_high
Simplonpass	Sim_16	10	111.3	4	1.7	112.8	3.4	61.6	10.4	9	13.6	9.1	5	13.2	6.9	2.7	Dc_high
Simplonpass	Sim_17	9	98.1	2	1.4	52.6	4.1	49.6	10.2	7.4	14.6	8.2	4.4	12.8	4.9	1.6	Dc_high
Simplonpass	Sim_17	10	76.7	4	1.6	129.1	3.8	72.5	11.9	9.4	13.3	9.5	4.4	14.1	6.3	2.2	Dc_high
Simplonpass	Sim_17	8	107.7	2	1.5	81.4	3.6	62.4	11.5	8.5	13.8	8.3	5.1	13.5	5.7	1.9	Dc_high
Simplonpass	Sim_17	10	110.2	2	1.4	91.8	3.6	49.5	9.8	7.6	13.5	8.5	4.2	13.3	5.8	1.7	Dc_high
Simplonpass	Sim_18	9	111.8	2	1.1	92.8	3.7	55.7	10.8	8	16.4	9.1	4.6	14.6	5.5	1.9	Dc_high
Simplonpass	Sim_18	10	109.7	2	1.3	76.7	3.7	63.3	10.6	8.8	15.4	9.8	5.5	14.5	5.2	1.8	Dc_high
Simplonpass	Sim_18	10	125.5	4	1.1	86.1	3.7	44.8	9	7.4	14.2	9.6	4.5	13.5	4.9	1.6	Dc_high
Simplonpass	Sim_19	10	131	2	1.2	111.5	3.6	48.1	9.5	7.5	13.5	10.4	4.7	14.7	6.3	2.3	Dc_high
Simplonpass	Sim_19	10	123.6	4	1.4	147.9	3.2	77.2	12	9.4	14.9	8.1	3.6	15.2	6.5	2.1	Dc_high
Simplonpass	Sim_19	19	88.9	2	1.2	36.2	3.2	37	6.5	5.6	13.3	9.5	3.5	13.7	4.9	1.8	Dc_high
Simplonpass	Sim_20	11	75.3	4	1.3	115.7	3.2	46	9.2	7.2	13	7.9	4.4	11.9	5.3	1.8	Dc_high
Simplonpass	Sim_21	10	101.3	2	1	101.4	3.1	33.1	7.8	6	12.7	6.5	4.3	11.6	5.9	1.6	Dc_high
Simplonpass	Sim_21	12	121	4	1.7	92.4	3.2	55.4	11.8	7	13.7	10	4.5	14.8	5.8	2.2	Dc_high