Population	Motherline	Flowering_date(d)	Rosette_diameter(mm)	N_leaves_on_stalk	Stalk_width(mm)	Stalk_hight(mm)	Calyx_width(mm)	Petal_area(mm)	Petal_length(mm)	Petal_width(mm)	Flower_length(mm)	Bract_length(mm)	Bract_width(mm)	Calyx_length(mm)	Ovary_length(mm)	Ovary_width(mm)	Ecotype
Saxon	Sax_1	21	65.6	2	1.3	16.2	4	48.9	8.5	8.4	18.1	5.9	4.9	17.3	6.5	1.9	Ds_low
Saxon	Sax_1	22	82.8	8	1.1	181	3.6	68.8	9.8	8.7	19.7	5.3	4.9	18.8	7.017142857	1.6	Ds_low
Saxon	Sax_2	25	116	6	1.3	259	3.6	58.3	9.1	8.6	19.6	5.2	4.7	16.7	7.7	2.5	Ds_low
Saxon	Sax_2	25	99	6	1.3	174	4.3	52.8	9	7.3	24.5	6.3	4.2	21.1	6.5	1.5	Ds_low
Saxon	Sax_2	28	134.7	8	1.2	221	4.9	52.9	10.3	7.5	24.7	5.9	4.9	21.4	7.017142857	1.4	Ds_low
Saxon	Sax_2	37	70.1	6	0.9	200	3.7	62.9	9.9	8.8	26	5.9	5	23.3	7.5	1.7	Ds_low
Saxon	Sax_3	28	92	6	1.1	254	3.9	60.6	10.6	8.2	18.4	5.9	4	18.6	7.2	2.2	Ds_low
Saxon	Sax_3	35	136.4	8	1.3	245	4	77.8	10.8	10	21.8	5.9	5.7	17.8	5.7	2	Ds_low
Saxon	Sax_3	37	72.6	6	1	131	3.7	21.3	5.1	5.2	20.7	5.5	3.7	16.8	5.8	1.9	Ds_low
Saxon	Sax_3	24	122.6	8	1.4	267	3.5	79.1	12.2	9.5	23.3	5.2	4.2	23.8	8.2	1.9	Ds_low
Saxon	Sax_4	35	48	6	1	158	3.2	40.4	7	7.3	20.6	4.3	3.6	19.5	5.1	1.3	Ds_low
Saxon	Sax_4	39	72	6	0.9	175	3.4	59.8	9.3	8.8	24.5	6.3	3.3	22.7	7.2	2	Ds_low
Saxon	Sax_4	32	65.8	6	1.2	195	3.2	55.6	9.3	7.9	19.7	5.9	4.2	21.7	7.017142857	1.6	Ds_low
Saxon	Sax_5	35	139.2	8	1	219	3.8	80.2	10.9	9.3	25.2	4.4	3.8	20.2	7.017142857	1.8	Ds_low
Saxon	Sax_5	35	92.1	8	1.3	262	4	58.5	10.6	8.2	18.8	5.8	4.9	20.4	7.017142857	1.6	Ds_low
Saxon	Sax_5	32	101.9	10	1.5	281	3.8	60.4	10	8.4	19.5	6.2	4	17.5	6.5	1.6	Ds_low
Saxon	Sax_5	35	95.3	8	1.4	269	3.8	46.3	8.1	7.5	20.4	5.8	4.6	20.3	8.4	2.2	Ds_low
Saxon	Sax_5	35	123	8	1.3	256	3.7	45.2	9	8.1	20.3	5.5	4	19.2	7.8	1.7	Ds_low
Saxon	Sax_5	35	123.8	10	1.7	268	4	71.8	10.7	9.8	21.9	5.8	5.2	22.7	6.1	1.2	Ds_low
Saxon	Sax_6	25	101	6	1.4	241	3.9	63.2	9.6	8.3	24.9	6.7	5.8	22.6	6.4	2	Ds_low
Saxon	Sax_6	32	99.4	8	1.2	204	3.8	43	8.2	7.5	20.7	5.7	4.9	19.6	7.6	2.4	Ds_low
Saxon	Sax_6	21	99.4	6	1.6	200	3.8	84.8	11.4	10.4	28.5	7.3	6.9	24	7.4	2.5	Ds_low
Saxon	Sax_6	28	97.7	8	1.4	277	3.8	48.8	9.5	7.9	21.6	6.7	4.4	22	7.017142857	2.5	Ds_low
Saxon	Sax_7	42	64.3	8	0.8	189	3.5	38.9	9	6.7	19.8	7	4.7	18.5	7.017142857	1.7	Ds_low
Saxon	Sax_7	37	84.2	8	1	218	3.6	64.8	9.3	9.5	21	6.9	5.6	22.3	6.8	2.6	Ds_low
Saxon	Sax_7	32	111.6	8	1	253	3.7	65.2	10.4	8.8	18.1	4.7	3.7	19.3	7.017142857	1.8	Ds_low
Saxon	Sax_8	32	117.7	6	1.4	261	4.3	87.3	10	10.9	24	5.1	5	21	6.8	1.8	Ds_low
Saxon	Sax_8	32	85.15	8	1.4	262	4.5	43.3	7.3	7.4	19.6	6.1	5.7	19	8.1	2.5	Ds_low
Saxon	Sax_8	21	96.2	4	1.5	122	4.4	65.4	12	8.2	22.1	5.6	4.3	20.3	0.7	1.8	Ds_low
Saxon	Sax_8	25	87.9	4	0.9	119	4.1	103.2	12.6	11.6	22.8	5.3	5.2	20.4	7.8	2.8	Ds_low
Saxon	Sax_8	32	94.9	6	1.7	274	4.2	72.5	11.6	9	23.3	5.9	5.7	22.1	8	2.2	Ds_low
Saxon	Sax_9	22	108.6	6	1	201	4	62.4	10.4	8.5	21.9	6.3	4.8	20.6	6.2	2.1	Ds_low
Saxon	Sax_9	28	102.2	6	1	178	3.9	44.2	7.5	7.4	20.2	6.3	5	19.4	8.2	2	Ds_low
Saxon	Sax_9	28	89.5	6	0.9	178	4	72.8	9.9	9.1	22.9	6.3	4.6	21.5	9.4	2	Ds_low
Saxon	Sax_9	32	99.9	6	0.9	181	3.7	42.8	8.1	6.6	21.2	5.9	4.6	20.8	7.3	2.5	Ds_low
Saxon	Sax_9	23	118.3	6	1	186	4.1	72.4	10.1	10.5	21.7	6.3	5.5	21.3	8.1	2.8	Ds_low
Saxon	Sax_9	25	102.2	6	1	177	4.4	58.5	8.4	9.6	20.9	5.8	5.9	18.5	7.2	1.9	Ds_low
Saxon	Sax_9	28	73.5	6	0.8	139	3.7	32.9	6.4	6	20	5.7	4.4	17.2	6.8	2.2	Ds_low
Saxon	Sax_10	21	98.1	6	1.2	213	4.1	65.3	9.3	9.5	26.2	6.9	5.1	22.4	6.7	2.6	Ds_low
Saxon	Sax_10	24	110.9	6	1.1	188	4	78.9	9.9	10.9	26.7	6.2	4.7	22.5	8	2	Ds_low
Saxon	Sax_10	25	109.4	6	1.1	198	3.6	34.6	7.3	6.1	20.6	5.7	3.9	20.4	7.4	1.9	Ds_low
Saxon	Sax_10	25	93.5	4	1.1	164	3.5	49.5	8.7	7.3	23	5.2	3.7	21.4	7.017142857	1.1	Ds_low
Saxon	Sax_10	24	101.2	6	1	178	3.6	62.2	9.1	9.3	22.7	5.9	5.3	20.3	8	2.6	Ds_low
Saxon	Sax_10	25	118.1	4	0.8	184	3.9	47.5	8.2	7	20.5	6.1	5.4	21.8	6.5	2.1	Ds_low
Varen	Var_1	12	95.9	8	1.4	199	4.5	63.1	8.3	9.8	20.2	5.6	4.8	19	7.2	2.6	Ds_low
Varen	Var_1	21	95.8	6	1.1	214	4.3	55.5	9.2	7.9	22.5	4.9	4.2	18.8	6	2.6	Ds_low
Varen	Var_2	14	87.6	6	1.2	134.5	5.2	42.1	7.1	7	22.8	4.9	4.7	19.8	7.7	3.6	Ds_low
Varen	Var_2	16	44.4	8	1.4	200	4.7	62.9	10.6	8.1	20.8	5.7	5.3	21.3	7.4	2.2	Ds_low
Varen	Var_2	22	61.5	4	2.1	45.9	3	24.4	6.8	4.1	16.7	4.8	3.8	15.4	5.5	1.9	Ds_low
Varen	Var_3	11	89.8	6	1.2	149.8	5.2	66.3	7.6	9.8	21.9	4.8	4.8	17.1	6	2.9	Ds_low
Varen	Var_3	11	116.3	8	1.2	160.8	5.3	54.7	7.3	8.5	20.3	3.3	2.9	17.2	7.1	2.8	Ds_low
Varen	Var_3	17	91.1	6	1.1	123.1	4.9	86.6	9.8	9.6	20.2	5.8	5	19.9	7	2.8	Ds_low
Varen	Var_4	16	84.1	8	1.1	182	4	48.1	8.5	6.5	18.4	5.2	3.8	18.9	6.9	2.2	Ds_low
Varen	Var_5	12	90	4	1	131.9	4.1	41.3	7.2	7.5	21.5	4.2	3.7	16.5	7.1	1.6	Ds_low
Varen	Var_5	14	80.1	4	0.8	88.9	3.6	43.5	7.9	6.6	19.1	5.1	3.3	15.1	6.8	2.2	Ds_low
Varen	Var_5	35	104.6	4	2.4	161	4.3	41.3	6.4	7.3	22.6	5.2	5.8	19.9	6.8	2.5	Ds_low
Varen	Var_6	51	136.8	8	0.8	214	2.7	46.4	6.8	7.6	22.3	5.2	5.1	19.7	5.7	1.7	Ds_low
Varen	Var_6	64	124.1	10	1	221	3.3	57.9	6.1	10.2	26.2	4.8	5.7	20.7	7.6	1.8	Ds_low
Varen	Var_6	53	140.8	8	0.7	183	3.5	31.2	5.5	6.5	23	4.9	5	18.5	5.5	1.6	Ds_low
Varen	Var_7	56	100.5	10	0.8	219	4	62.7	8.5	9.3	23.3	5.9	4.6	20.9	8.8	2	Ds_low
Varen	Var_7	53	111.7	8	1	189	4.1	40	6.5	7.9	22.8	4.5	4.5	20.4	6.82	2.6	Ds_low
Varen	Var_7	49	118	8	1.3	253	4.4	67.4	8.9	10.6	25.3	5.5	4.9	20.9	7.2	2.7	Ds_low
Varen	Var_8	42	139.4	8	0.9	225	3.7	79.3	10	10.5	23.4	5.1	3.8	21.1	7.2	1.9	Ds_low
Varen	Var_8	58	123.8	10	1	346	4.2	70	9	11.3	23.6	7.5	5.6	23.2	6.7	1.7	Ds_low
Varen	Var_8	56	123.2	10	0.9	237	3.6	97.2	12.3	11.2	24.4	5	4.6	23.6	8.3	2.3	Ds_low
Varen	Var_9	56	138.8	8	1	227	3.9	51.2	8.4	8.4	25.5	6.5	3.6	17.7	9.7	2.2	Ds_low
Varen	Var_9	53	126.5	8	1.1	221	3.6	54.7	9.1	7.9	24.6	5.2	4.5	21	0.8	2.3	Ds_low
Varen	Var_9	46	139.7	8	1	224	4	49.5	8.8	7.7	23	5	4.2	18.3	6.82	1.3	Ds_low
Varen	Var_10	51	154.7	12	1.2	331	4.5	18.8	4.9	5	20.1	5.6	4.9	20	6.2	2	Ds_low
Varen	Var_10	53	152.2	8	1	264	4.5	58.1	8.7	8.5	23.9	5.7	5.3	23.3	6.82	2	Ds_low
Varen	Var_10	53	133	8	0.9	265	4.5	53.3	9	7.7	26.1	4.9	5.8	23	7.6	2.4	Ds_low
Varen	Var_11	51	128	8	0.9	248	3.4	66.2	8.6	9.1	24.4	5.3	4.8	21.7	7.7	1.6	Ds_low
Saviese	Sav_1	56	133.1	10	0.8	211	3.5	43.6	7.3	7.7	20.5	5	4.1	18.3	6.7	2.2	Ds_low
Saviese	Sav_1	58	80.3	8	0.9	137	2.9	16.3	5.1	3.9	19.2	4.1	3.4	16.6	6.7	2	Ds_low
Saviese	Sav_1	49	92.4	10	0.9	218	2.9	27.8	6.9	4.4	21.6	5.6	5.2	18.2	6.8	1.8	Ds_low
Saviese	Sav_2	46	134.3	8	1	266	3.2	20.3	4.9	4.8	19.9	5.5	4.5	17.2	6.5	1.5	Ds_low
Saviese	Sav_2	49	132.3	6	0.9	282	3.7	23.2	5.4	5.5	16.7	4.6	4.3	17.4	7.2	2.7	Ds_low
Saviese	Sav_2	49	116.9	10	0.8	219	3.5	43.4	6.7	8.2	23.1	6.5	5.4	20.6	7.4	1.9	Ds_low
Saviese	Sav_2	56	135.7	10	0.7	318	3.5	52.8	7.2	8.2	24	4.8	3.9	20.5	8.1	1.8	Ds_low
Saviese	Sav_3	49	120.4	6	0.8	255	3.3	52.8	7.5	8.8	23.2	5.4	3.8	21.5	6.6	1.8	Ds_low
Saviese	Sav_3	56	125.8	12	0.9	288	3.3	39.5	7.3	6.3	20.7	4.6	4.1	17.7	5.7	2.3	Ds_low
Saviese	Sav_4	49	115	8	1.1	222	3.7	31.1	5.9	6.1	18.1	4.2	4.2	14.9	8	3.1	Ds_low
Saviese	Sav_4	44	97.5	6	1.2	186	3.4	19.1	4.9	4.1	17.9	3.9	48	16.1	8.1	1.7	Ds_low
Saviese	Sav_4	58	149.5	8	0.9	179	3.2	30.7	5.8	6.1	20	5.3	4.8	19.3	6.3	1.8	Ds_low
Saviese	Sav_6	56	93.9	10	0.9	200	3.2	25	6.1	5	18.1	4.7	3.4	12.9	7.5	1.8	Ds_low
Saviese	Sav_6	56	137.4	10	1	252	3	56.6	8.8	8.3	21.3	6	3.6	19.2	7.2	1.5	Ds_low
Saviese	Sav_7	51	150.4	10	0.9	256	3.1	18.7	4.6	4.5	17.7	5.6	3.5	17.6	6.3	2.2	Ds_low
Saviese	Sav_7	60	141.6	14	0.8	269	3.1	41.2	6.9	7.8	22.2	4.8	4.3	21.1	6.4	1.8	Ds_low
Saviese	Sav_7	39	45.6	8	1.1	270	4.2	37.9	6.2	7.6	18.1	5.134042553	4.2	17.88723404	6.8	2.7	Ds_low
Saviese	Sav_8	42	126.4	8	0.9	202	3.5	52.5	8.3	7.6	22.2	4.6	3.6	19.8	6.9	1.8	Ds_low
Saviese	Sav_8	49	122.3	6	1	231	3	24.2	4.6	5.7	18.1	4.2	4	15	6.7	1.9	Ds_low
Saviese	Sav_8	49	90.9	8	0.8	204	4.1	25.9	5.5	5.7	17.6	5.6	4.1	19.3	7.5	2.4	Ds_low
Saviese	Sav_9	56	107.3	8	0.8	239	2.9	36.3	6.4	6.8	21.3	4.9	3	17.5	6.6	1.6	Ds_low
Saviese	Sav_10	53	92.3	8	0.8	223	3.4	39.4	8.9	5.4	21.7	5.4	4.6	18.9	6.2	2.1	Ds_low
Saviese	Sav_10	49	117.9	10	0.7	212	3	46.8	8.2	8.2	23.8	5.4	4.3	19.2	5.9	1.7	Ds_low
Saviese	Sav_10	51	113	10	1	249	3.3	20.3	4.7	4.5	17.5	4.7	3.8	16.3	4.4	1.5	Ds_low
Saviese	Sav_10	51	125.3	8	0.8	250	3.5	32.8	6.6	5.4	21.9	4.2	3.9	20.3	6.7	1.7	Ds_low
Saviese	Sav_11	49	85.8	10	1	307	3.4	35.8	6.1	7.9	19.7	5	3.7	18.8	6	1.3	Ds_low
Saviese	Sav_11	64	120	8	0.9	215	3.7	26.1	5.6	5.8	17.7	4.6	5	15.6	7.5	2.2	Ds_low
Saviese	Sav_11	53	111.6	8	1	229	3.2	30.7	6.1	6.6	18.7	5.5	4.5	15.5	6.914285714	2	Ds_low
Saviese	Sav_11	58	124.6	10	0.9	274	3	30.8	7	6.7	23.8	6.9	4.1	18.1	6.914285714	1.9	Ds_low
Saviese	Sav_11	64	142.4	8	0.9	243	2.9	38.8	7.9	6.9	21.6	5.2	3.7	17.9	6.914285714	1.5	Ds_low
Saviese	Sav_11	56	102.2	10	0.7	225	3.1	44.3	7.3	7.8	23.8	5.1	3.3	17.2	7.4	1.8	Ds_low
Saviese	Sav_12	19	139.6	8	1	328	3.8	23.8	5.4	5.3	22.7	4.7	4	16.8	8.3	1.9	Ds_low
Saviese	Sav_13	56	102.8	10	0.7	202	3.1	21.1	5.5	5.3	19.1	4.9	4.7	17.5	7.2	2.1	Ds_low
Saviese	Sav_13	64	134.4	10	0.8	287	3.3	62.8	9.8	9.1	25.1	6.2	5.3	21	6.914285714	1.7	Ds_low
Saviese	Sav_13	53	147	8	0.7	271	3.5	29.4	6.2	5.7	21.1	6.1	6.2	19.6	6.6	2	Ds_low
Saviese	Sav_14	51	117.9	6	0.8	198	3.1	25	5.1	5.6	19.3	4.4	3.3	15.1	8.3	2.5	Ds_low
Saviese	Sav_14	39	101.4	10	1	255	3.7	42	7.3	7.4	21.1	5.9	4.5	18.4	6.8	1.8	Ds_low
Saviese	Sav_14	56	111.8	6	0.9	97	2.5	13.1	4.2	3.9	16.9	4.3	4	12.4	5.6	1.4	Ds_low
Saviese	Sav_14	64	91.9	6	0.9	136	2.9	4.7	2.7	1.7	11.2	4	3.1	12.6	4.4	3	Ds_low
Saviese	Sav_15	22	94.5	10	0.8	322	3.9	30.5	5.8	6.5	18.2	5.1	4.4	18	6.9	2.1	Ds_low
Saviese	Sav_15	23	122.2	8	0.8	220	3.4	21.5	5.2	5.4	19.8	4	4.5	17.8	6.3	1.9	Ds_low
Saviese	Sav_15	64	121.5	10	1.1	283	3.9	62.4	8.5	8.5	23.1	5.1	5	20.2	7.1	1.9	Ds_low
Saviese	Sav_16	64	89.6	12	0.9	268	3	53.5	8.3	8.3	23.8	6	4.8	21.4	6.914285714	1.2	Ds_low
Saviese	Sav_16	64	118.7	8	1	215	3.2	23.8	5.5	5.4	20.6	5.4	5	20.6	7.6	2.4	Ds_low
Saviese	Sav_17	46	111.7	10	1.4	280	3.9	43.7	7.5	7.4	18.3	6.6	5	16.6	6.914285714	2.6	Ds_low
Saviese	Sav_17	19	101.5	6	0.9	215	4.1	28.3	5.8	6.1	21.2	5.6	4.1	17.5	8	1.9	Ds_low
Saviese	Sav_17	56	130.6	12	0.9	214	3.4	53.1	8.5	8.2	23.2	6	4	19.8	8	2.2	Ds_low
Saviese	Sav_18	42	95.5	8	1.3	266	3.7	53.1	8.2	8	22.6	5.1	3.8	16.9	9.2	2	Ds_low
Tsanfleuron	Tsa_1	17	130.2	6	1	192	3.7	92.1	9.9	11.5	27	6	5.7	22.4	7.5	2	Ds_high
Tsanfleuron	Tsa_2	11	84.1	6	0.8	99.3	3.2	89.3	10	10.7	25.2	5.6	5.3	19.9	6.8	2.2	Ds_high
Tsanfleuron	Tsa_2	11	105.5	6	1.1	111.5	3.8	79	9.5	10.7	20.6	5.9	4	18.4	7	2	Ds_high
Tsanfleuron	Tsa_2	11	101.5	6	0.7	122.8	3.5	83.3	9.5	11.4	25.3	7.6	4.9	19.6	7.3	1.9	Ds_high
Tsanfleuron	Tsa_3	7	162.5	6	0.9	83.6	3.9	101.4	9	14.1	25.2	6.8	5.2	22	7.6	1.5	Ds_high
Tsanfleuron	Tsa_3	7	55.2	6	2	182	4.8	75.5	8.4	11	24.8	7.2	4.4	20.5	7.033898305	2.080645161	Ds_high
Tsanfleuron	Tsa_4	7	149.7	8	2	144.7	4.6	126	11.7	13.9	23.6	6.9	4.9	21.9	7.033898305	2.2	Ds_high
Tsanfleuron	Tsa_4	11	104.4	4	0.8	95.8	3.8	71.6	7.3	11	19.6	7.7	5.7	17.7	7.033898305	2.080645161	Ds_high
Tsanfleuron	Tsa_4	17	139	6	1.1	176	3.5	94.5	9.9	12.3	23.7	7.9	4.9	19.4	7.9	2.5	Ds_high
Tsanfleuron	Tsa_5	12	105.4	4	1.1	132.6	3	85.3	9.9	10.7	23.8	5.9	5.3	20.6	6.7	1.8	Ds_high
Tsanfleuron	Tsa_5	14	110.9	6	0.9	148	3.4	55.7	7.1	10	23.1	6.4	4.2	20.7	6.2	2.1	Ds_high
Tsanfleuron	Tsa_5	14	133	6	1.2	163	3.8	62.7	7.8	9.6	21.7	6.4	4.6	17.6	5.9	1.9	Ds_high
Tsanfleuron	Tsa_6	7	78.8	8	1.5	170	4.7	83.5	8.8	11.8	25.3	6.1	4.8	20.6	6.9	1.5	Ds_high
Tsanfleuron	Tsa_6	11	94.2	6	1.4	105.9	3.9	99.5	9.8	13.2	20.9	8.2	6.3	19	7.033898305	2.080645161	Ds_high
Tsanfleuron	Tsa_6	12	103.3	6	1.2	112	3.8	68.4	8.7	10.1	23.4	6	4.5	20.7	7.1	1.6	Ds_high
Tsanfleuron	Tsa_7	11	101.8	8	0.7	131.2	3.9	83	10.4	11.6	24.5	7.6	5.1	21.6	7.6	2.3	Ds_high
Tsanfleuron	Tsa_7	16	82.4	6	1.1	134	3.5	63.1	8.2	8.9	20.2	5.5	3.8	18.1	6.1	1.9	Ds_high
Tsanfleuron	Tsa_7	16	118.1	6	1.1	143.3	3.9	148	12.7	14.8	26.3	7.5	5.7	24.2	8.4	1.8	Ds_high
Tsanfleuron	Tsa_7	11	104.8	6	1.2	133.7	4.4	117.7	10.8	14.3	23.4	6.6	5.8	21.2	7	2.1	Ds_high
Tsanfleuron	Tsa_7	11	92.8	6	1.4	111.4	4.5	67.4	8.6	10.5	21.7	7.1	5.4	17.3	5.9	2.5	Ds_high
Tsanfleuron	Tsa_7	12	120.2	6	0.9	111.1	3.9	85.7	9.2	11.9	21.3	7.5	4.3	20.8	6.2	2.6	Ds_high
Tsanfleuron	Tsa_7	14	126.3	6	1	135.2	4.1	81.3	8.5	12.3	22	7.8	5.2	19.6	7.2	2.4	Ds_high
Tsanfleuron	Tsa_10	19	113.8	6	1.1	175	3.7	126	11.3	14.3	27.1	6.4	5.2	21.6	7.4	1.9	Ds_high
Tsanfleuron	Tsa_11	11	126.2	8	1	161.1	4.3	90.1	9.8	11.5	25.4	6.6	5.1	20.9	8.8	2	Ds_high
Tsanfleuron	Tsa_11	12	136.3	6	0.8	125.8	4.2	73.3	8.7	10.6	23.9	7.1	3.9	19.7	8.5	2.3	Ds_high
Tsanfleuron	Tsa_12	12	110.3	6	1.1	131.5	4.6	106	9.8	13.4	25.8	5.8	6.3	20.2	7.1	2	Ds_high
Tsanfleuron	Tsa_12	13	108.3	6	1.1	109.8	4.1	74.4	9	14.1	22.6	5.5	4.3	18	6.7	2.1	Ds_high
Tsanfleuron	Tsa_12	17	104.6	6	0.8	99.1	4.1	105.5	10	12.7	25	7.4	5.2	22.2	6.4	2.1	Ds_high
Tsanfleuron	Tsa_13	7	138.7	6	1.1	165.3	4.3	116.7	9.9	14.4	24.5	8.6	4.9	21.3	7.033898305	2.080645161	Ds_high
Tsanfleuron	Tsa_13	13	109.7	6	1.4	162.4	4.7	85.5	9.1	12.1	21.4	6	4.9	18.7	6.8	3.2	Ds_high
Tsanfleuron	Tsa_13	14	135.3	6	0.9	230	4.1	76.1	9	10.8	20.8	8.3	6.4	20.1	6.8	2.2	Ds_high
Tsanfleuron	Tsa_13	14	121.4	6	1	165	4.6	82	9.5	11.3	22.5	5.9	5.5	19.7	6.6	2.6	Ds_high
Tsanfleuron	Tsa_14	15	109.6	6	1	150.2	4	94.6	10.8	12.1	23.8	6.1	4.6	21.6	3.9	1.4	Ds_high
Tsanfleuron	Tsa_15	13	106.5	6	1.1	154.4	4.2	115.8	11.4	13.7	25.5	7.6	3.3	22.4	8	2.1	Ds_high
Tsanfleuron	Tsa_15	17	66.6	4	0.8	79.8	3.1	27.5	6.3	5.5	16.9	5.4	3	15.6	7.6	1.7	Ds_high
Tsanfleuron	Tsa_16	11	78.7	4	1.3	146.5	4.9	132.6	10.4	15.4	25.7	7.9	4.5	24	8.9	2.4	Ds_high
Tsanfleuron	Tsa_16	12	127	4	0.9	109.7	4.2	143.3	11.6	16	25.6	7.5	5.3	21.7	7.7	1.9	Ds_high
Tsanfleuron	Tsa_16	17	137.8	6	1.1	176	4.3	129.1	11.9	14.1	24.7	7.4	6.3	25.9	7.2	2.4	Ds_high
Tsanfleuron	Tsa_17	19	44.6	8	1	199	4.3	130	10	14.7	25.1	7.7	5.6	20.8	7.9	2.4	Ds_high
Tsanfleuron	Tsa_18	7	86.6	6	0.8	121.1	3.8	68.9	8.6	10.3	22.1	6.2	4.7	17.2	7.3	2.7	Ds_high
Tsanfleuron	Tsa_18	10	126.9	8	1	120.6	3.7	86.1	9.4	10.1	22.8	7	5.1	17.3	7.033898305	2.080645161	Ds_high
Tsanfleuron	Tsa_18	13	121	6	0.9	149.5	4.2	63.3	7.7	10.3	21.4	8.3	4.3	18.7	6.5	2.6	Ds_high
Tsanfleuron	Tsa_19	7	85	6	1.1	107.4	4.4	124.6	11.8	14.1	25.5	8.1	6.3	21.2	7.7	2	Ds_high
Tsanfleuron	Tsa_19	11	106.5	4	1	79.5	4.9	101.7	9.8	12.8	25.1	6.9	5.3	17.4	7.033898305	2.080645161	Ds_high
Tsanfleuron	Tsa_19	11	91.7	6	0.7	125.3	3.8	97.9	10.2	12.6	24.4	6.3	4.1	17.8	7.4	2.2	Ds_high
Tsanfleuron	Tsa_19	12	108.2	6	1.1	117.7	4.2	40.7	6.5	7.3	18.1	4.9	4	15.5	6.3	2.1	Ds_high
Tsanfleuron	Tsa_19	16	97.1	6	1.1	124	3.8	61.2	8.2	9.4	20.8	6.6	3.9	17.7	7.9	2.3	Ds_high
Tsanfleuron	Tsa_20	11	120.4	8	0.8	137.4	4.3	53.2	8.3	8.7	24.6	6.8	3.4	21.7	6.1	1.6	Ds_high
Tsanfleuron	Tsa_20	11	122.3	6	1.3	150.4	4.6	81.6	9.3	11.1	23.8	6.5	5.9	19.1	6.8	1.8	Ds_high
Tsanfleuron	Tsa_20	19	114.6	8	0.9	182	4.1	62	7.5	9.9	21.1	7.2	5.6	18.3	6.6	2.4	Ds_high
Tsanfleuron	Tsa_22	11	115	6	1	97.2	4.2	110.5	10.2	13.2	23.5	6.2	5.8	21	8.8	2.4	Ds_high
Tsanfleuron	Tsa_22	20	115.1	4	1	175	3.1	61.2	8	9.7	22.8	6.2	3.5	18.7	6.2	1.7	Ds_high
Tsanfleuron	Tsa_24	15	119	6	1.4	137.7	4.1	66.2	8.3	9.9	24.9	5.4	5.9	21.5	6.6	2	Ds_high
Tsanfleuron	Tsa_24	17	117.8	6	1	117.4	4.1	106.7	10.9	12.6	25.1	6.2	4.8	21.5	6.8	2.1	Ds_high
Tsanfleuron	Tsa_25	10	140	4	1	121.5	4.3	82.9	8.9	11.9	24.3	6.8	5.1	22.2	6.1	1.7	Ds_high
Tsanfleuron	Tsa_25	13	112.6	6	1.3	148.8	3.7	90.3	8.9	12.2	24.3	7	5.5	19.2	7.033898305	2.2	Ds_high
Tsanfleuron	Tsa_26	17	137.2	4	0.8	125.1	3.6	124.7	12.5	12.9	24.3	8.2	4.4	20.8	8.5	2.5	Ds_high
Tsanfleuron	Tsa_26	17	103.8	6	0.8	174	3.2	86.9	9.7	11.8	22.5	5.9	4.2	19.6	6.7	1.7	Ds_high
Tsanfleuron	Tsa_26	19	101.3	6	0.9	205	3.2	74.8	9.3	10.4	20.9	5.8	3.4	16.4	6.1	2	Ds_high
Tsanfleuron	Tsa_27	10	96.9	6	1.2	117.7	3.6	102.2	10.5	12.2	25.2	5.7	3.7	19.8	6.3	1.1	Ds_high
Tsanfleuron	Tsa_27	10	91.9	4	0.9	106.7	4.2	57.3	7.6	9.8	20	7.3	4.5	19	5.5	1.8	Ds_high
Tsanfleuron	Tsa_27	11	98.9	8	1.3	127.2	4.7	64.3	8	10.5	21.4	6.6	4.6	18.3	7.033898305	2.2	Ds_high
Tsanfleuron	Tsa_27	11	102.7	6	1	138.9	4.2	70.4	8.3	10.6	23.2	5.4	4.7	20.5	6.9	2	Ds_high
Tsanfleuron	Tsa_27	13	97	6	1.2	160	4.2	77.7	9.2	11.2	21	7.9	4	17.8	6.9	2.4	Ds_high
Tsanfleuron	Tsa_27	14	102	6	0.8	141	3.4	114.4	12.1	11.6	24.6	7.3	5.8	20.6	6.9	2.2	Ds_high
Tsanfleuron	Tsa_27	19	104.6	4	0.8	101.1	3.8	62.2	7.7	9.7	20.2	7.4	4.4	18.3	6.9	1.3	Ds_high
Tsanfleuron	Tsa_27	20	87.8	4	1.2	136.2	4.2	139.7	12.5	15.3	25.2	6.2	5.7	20	8	1.9	Ds_high
Tsanfleuron	Tsa_29	12	128.8	6	1	205	3.6	126.9	11.6	13.9	24.9	8.3	5	22.4	7.033898305	2.080645161	Ds_high
Tsanfleuron	Tsa_29	21	107.5	6	1	162	4.2	129.9	11.9	14.2	27.3	7.8	6.2	22.2	7.6	2.6	Ds_high
Challer	Cha_1	10	86.8	6	0.9	98.9	3.7	71.8	7.9	10.9	24	5.4	3.9	16.8	10	2.7	Ds_high
Challer	Cha_1	13	106.3	6	1	119.1	4.8	48.9	7.6	7.7	22.6	6.9	4.7	17.3	7.8	2.5	Ds_high
Challer	Cha_1	14	89.9	4	1.2	144	5.1	42.4	6.6	8.3	21.8	7.1	5.5	18.4	6.7	2.6	Ds_high
Challer	Cha_2	12	93.5	6	1	113.5	4	119.7	12	14.1	26.3	6.4	5	19.8	8.8	2.4	Ds_high
Challer	Cha_2	13	121.9	6	1.3	145	3.8	89.9	10	12	28.4	6.9	5.2	21.2	7.8	2.2	Ds_high
Challer	Cha_2	19	98.1	4	1.1	129	4.1	127.1	10.7	15.8	26.9	7.3	5.3	20.3	8.4	2.4	Ds_high
Challer	Cha_3	10	120.4	6	1	114.9	3.8	59.4	7.5	9.5	24.6	6.1	4.6	18.9	5.6	1.7	Ds_high
Challer	Cha_3	11	110.8	6	0.8	135.9	4.5	62.1	7.7	9.9	25.8	7	4	19.3	7.8	2.7	Ds_high
Challer	Cha_4	12	86.2	6	1.5	160.5	4.1	57.1	8.1	10	23.6	5.9	4.1	18.9	7.6	2.5	Ds_high
Challer	Cha_4	13	102.5	4	1.1	120.2	4.4	56.9	7.7	8.6	22.8	4.8	4.7	20.6	6.6	2.3	Ds_high
Challer	Cha_4	17	114.3	6	1	223	4.9	71.6	8.3	10.9	25.5	5.8	5.1	18.8	8.1	2.5	Ds_high
Challer	Cha_5	9	46.1	6	1.4	145.2	3.9	32.3	6.1	7	21.6	7.6	5.3	16.4	8.3	2.6	Ds_high
Challer	Cha_5	9	81.5	6	1.5	165	4.7	50.9	7.3	8.1	22.5	6.3	5.4	18.8	8.8	3.2	Ds_high
Challer	Cha_5	11	125	6	1.1	155.2	5.2	73	8.8	10.3	24.2	6.2	5	19	8.4	2.7	Ds_high
Challer	Cha_6	14	112.4	6	1	154	4.3	77.3	10.1	9.9	23.8	6.6	4	19.6	7.3	2.8	Ds_high
Challer	Cha_6	14	101.5	4	0.8	90.1	3.4	59	7.6	9.9	18.1	4.8	4.8	16.3	7.2	2.4	Ds_high
Challer	Cha_6	15	69.2	4	1.2	79.1	4.6	29.4	5.1	6.5	19.8	6.1	5.4	17.1	7.4	2.4	Ds_high
Challer	Cha_6	15	86.8	6	1.6	150	4.8	78.3	8	12.3	21.2	6	5.5	18.5	5.9	2.6	Ds_high
Challer	Cha_7	12	112.5	4	1.5	146.5	4.6	54.3	8.4	9.7	21.9	7.6	5.2	18.8	8.5	3.2	Ds_high
Challer	Cha_7	16	89.7	6	1.7	152	4.2	71.8	7.6	11.6	21	7.2	5	18.9	7.9	2.8	Ds_high
Challer	Cha_8	14	47.1	6	1.6	123.6	3.7	46.6	7.2	8.3	21.7	6.3	5	15.9	7.4	2.5	Ds_high
Challer	Cha_8	22	99.1	6	1.2	127	3.7	48.5	6.8	8.6	20.4	6.1	4.9	16.9	5.7	2.3	Ds_high
Challer	Cha_9	11	99.9	6	1	96.3	4.3	63.5	7.2	10.1	21.4	5.9	5.9	17.2	7.2	3	Ds_high
Challer	Cha_9	14	94.9	4	0.8	75.3	3.8	31.5	6.8	5.6	20	5.9	3.4	16.9	6.9	2.4	Ds_high
Challer	Cha_9	14	105.9	6	1.2	146.7	4.8	48.4	8.3	7.1	22	5.9	4.6	18.3	7.4	3.2	Ds_high
Challer	Cha_10	12	99.9	2	1.1	108.1	3.9	45.3	7.3	7.7	21.8	6.9	4.8	18.2	8.3	2.7	Ds_high
Challer	Cha_10	14	111.2	4	1	128	4.1	54.1	8.9	7.7	20.2	5	4.2	16.8	7	2.2	Ds_high
Challer	Cha_11	12	116.1	6	1.3	103.5	4.2	64.7	7.7	10.6	23.1	6.9	4.2	19.3	7.6	2.8	Ds_high
Challer	Cha_11	14	103	6	1.5	173	4.1	66.1	7.7	10.8	22.7	6	5.4	17.4	5.6	3	Ds_high
Challer	Cha_11	14	93.3	8	1.1	240	3.8	90.1	9.9	12	22.6	5.9	4.5	20.9	7	2.2	Ds_high
Challer	Cha_12	12	103.2	4	1.2	66.6	4.5	62	7.7	10.4	20.9	7.5	6.8	19	7	3.4	Ds_high
Challer	Cha_12	13	134.1	6	0.9	119.5	4	51.2	7.1	9.9	20.7	6.6	4.7	20.9	8	2.2	Ds_high
Challer	Cha_13	11	111.5	6	1.5	111.1	4.7	62.8	9	8.8	21.3	7.5	5.3	19.4	7.9	2.4	Ds_high
Challer	Cha_13	12	85.5	4	1	114.8	3.7	60.9	8.8	8.8	21.5	5.8	4.8	18.5	8.1	2.4	Ds_high
Challer	Cha_13	13	115.1	6	1	121.3	4.2	62.2	7.1	10.7	21.9	5.9	5.7	18	6.9	2.3	Ds_high
Challer	Cha_14	20	170	6	1.1	202	3.9	79.7	8.6	11.1	29.4	5.1	5	20.4	7.2	2	Ds_high
Challer	Cha_15	7	95.5	6	0.9	151.5	3.4	51.9	7.5	8	24.5	7	4.4	17.9	7.512195122	2.553658537	Ds_high
Challer	Cha_15	16	78	6	1.7	190	4.8	80.3	7.9	12.5	24.4	5.7	6.7	20	6.7	3.3	Ds_high
Challer	Cha_15	16	105.8	6	1.5	190	4.5	42.2	6.8	7.5	21.4	5.2	4.9	17.6	6.3	2.3	Ds_high
Challer	Cha_16	13	111.7	6	1.1	142.5	3.9	50.5	7.8	7.8	22	6.4	4.7	17.4	7.9	2.4	Ds_high
Challer	Cha_16	15	76.1	6	1.2	123.9	4.3	65.3	9.7	9.3	23.2	6.5	4.7	17.5	9.9	2.6	Ds_high
Challer	Cha_16	17	126.5	4	0.9	128.3	4.2	52.9	8.2	7.8	20.9	5.3	5.4	16.5	7.1	1.9	Ds_high
Mauvoisin	Lac_1	9	55.6	4	1.8	121.1	4.7	108.8	12.1	12.4	21.2	10	6.7	21	7.7	2.5	Ds_high
Mauvoisin	Lac_1	12	119.1	6	1.1	123.8	4.5	96.7	10.2	12.2	22.3	7.6	6.9	21.9	6.8	2	Ds_high
Mauvoisin	Lac_1	12	124.2	8	1	119.3	4	111.8	11.8	13.6	21.1	8.7	5.3	20.3	7.1	2.4	Ds_high
Mauvoisin	Lac_2	9	62.1	2	1.2	89.2	4.4	83.8	10.2	10.2	20.9	7.4	6.2	19.4	7.6	1.9	Ds_high
Mauvoisin	Lac_2	11	97.6	4	1.2	69.5	4	68.9	9.2	9.5	21.5	7.2	5.5	19.8	7	1.9	Ds_high
Mauvoisin	Lac_3	7	76.7	4	1.4	98.1	4.2	54.8	8.6	8.9	20.4	9.3	3.7	17.3	6.755555556	2.079545455	Ds_high
Mauvoisin	Lac_3	15	81.6	2	0.9	36.1	3.1	90.5	8.8	12.6	23.2	5.7	5.1	18.4	7.5	1.7	Ds_high
Mauvoisin	Lac_4	7	97.6	4	1.4	110.2	4.6	80.9	8.3	11.8	22.2	7.3	5.2	18.3	6.755555556	2.079545455	Ds_high
Mauvoisin	Lac_4	10	108.4	4	0.9	73.8	2.5	56.7	8.4	8.9	20.2	7.7	3.2	19.6	5.6	1.5	Ds_high
Mauvoisin	Lac_4	15	80.4	6	1.5	147.2	4.2	135	11.5	15.3	26.4	8.2	5.4	22.9	8.3	2.2	Ds_high
Mauvoisin	Lac_5	7	71.4	2	1.1	76.5	4.5	70	8.7	9.5	20.9	8.5	4.4	18.6	6.755555556	2.079545455	Ds_high
Mauvoisin	Lac_5	10	106	4	1.1	85.1	4.6	121.1	10.8	13.9	26.8	8	5.9	22.4	9.3	2.2	Ds_high
Mauvoisin	Lac_5	10	100.6	4	0.8	83.2	3.3	135.2	11.9	14.5	22.4	8.3	5.3	21.6	8.6	2.1	Ds_high
Mauvoisin	Lac-6	2	91.5	2	1.3	38	3.7	32.5	6.1	5.7	18.6	7.4	5	15.6	0.7	0.7	Ds_high
Mauvoisin	Lac-6	11	108.8	2	0.7	61.4	3.4	71.2	9.7	9.6	20.5	7.2	3.8	19.5	6.6	2.1	Ds_high
Mauvoisin	Lac_7	7	123	6	0.9	99.8	4	56.3	6.7	10	20.3	6.3	5.1	18.7	6.755555556	2.079545455	Ds_high
Mauvoisin	Lac_7	10	101.6	4	1.1	73.1	4.6	94.9	9	13.3	24.6	6.8	5	18.5	6.755555556	2.079545455	Ds_high
Mauvoisin	Lac_7	11	120.4	6	1.3	155.2	4.3	83.4	7.8	11.9	21.6	6.4	6.1	19.3	7.1	2.3	Ds_high
Mauvoisin	Lac_8	7	109.2	4	1	84.1	4.1	61.5	9.4	8.3	19.9	7.3	4.8	17	0.7	0.7	Ds_high
Mauvoisin	Lac_8	7	95.4	6	1.3	115.6	4.4	68.4	7.7	10.3	19.3	7.5	5.4	16.5	6.755555556	2.079545455	Ds_high
Mauvoisin	Lac_8	10	98	6	1	102.7	4	72.2	10.8	9.1	20.3	7.4	5.8	18.9	6.8	1.8	Ds_high
Mauvoisin	Lac_8	10	111.9	4	1.2	99.7	3.3	88	10.5	11.5	22.9	7.4	4.8	20.5	6.755555556	2	Ds_high
Mauvoisin	Lac_9	4	116	4	1.1	64.6	3.9	45.3	7	7.7	18.5	6.4	5.3	17.4	6.755555556	2.079545455	Ds_high
Mauvoisin	Lac_9	7	120	4	1.3	142	4.3	92.2	10.2	11.1	23.5	8.5	4.5	18.3	6.755555556	2.079545455	Ds_high
Mauvoisin	Lac_12	7	91.8	2	0.9	32.5	3.1	31.7	6.6	6.3	16.6	5.3	4	13.3	6.755555556	2.079545455	Ds_high
Mauvoisin	Lac_12	9	83.1	4	1.3	138.4	4.1	73.2	8.4	11.4	23.6	6.5	4.4	19.7	7.3	2.2	Ds_high
Mauvoisin	Lac_12	10	54.5	2	1	20.7	3.9	102.9	9.3	12.9	22.7	5.3	3.8	17.8	7.3	2.2	Ds_high
Mauvoisin	Lac_12	12	110.4	4	1.2	93.7	3.2	84.1	10	11.9	21.3	7.9	4.6	20.6	7.6	2.4	Ds_high
Mauvoisin	Lac_12	15	87.7	4	1.4	103.3	4.2	109	10.8	12.4	26.2	6.8	5.9	20.7	7.2	2.6	Ds_high
Mauvoisin	Lac_12	16	86.7	4	1.2	103.8	4.4	110.5	11.4	13.5	22.7	7.7	5.3	19.5	8.1	2.1	Ds_high
Mauvoisin	Lac_13	4	78.7	4	1.4	79.2	4	38.7	6.2	7.3	18.4	7.5	5.8	16.2	6.755555556	2.079545455	Ds_high
Mauvoisin	Lac_13	10	94.7	4	1	73.9	4.5	63.8	8.6	9.9	19.5	6.7	5.5	18	6.755555556	2.2	Ds_high
Mauvoisin	Lac_13	11	106.5	2	0.7	54.7	3.8	40.4	5.9	7.9	18.6	5.9	4.9	17.2	6.5	2.2	Ds_high
Mauvoisin	Lac_13	14	105.6	4	0.8	79.7	3.4	74	9.9	9.9	19.2	7	5.6	18.3	7.2	2.6	Ds_high
Mauvoisin	Lac_13	14	116.3	4	1.1	97.8	3.6	117.8	11.6	13.3	23.5	7.3	5.1	22.2	8.1	2.1	Ds_high
Mauvoisin	Lac_14	7	86.2	4	1.2	110.1	3.9	63.9	8.6	9.6	19.5	7.7	5.1	20.2	6.755555556	2.079545455	Ds_high
Mauvoisin	Lac_14	7	74.9	4	1.3	98.3	4.1	82.6	9.6	10.8	21.8	8.4	5.7	22.4	6.755555556	2.079545455	Ds_high
Mauvoisin	Lac_14	11	86.1	4	0.7	93.6	3.4	63.5	7.3	10.2	20.6	7	5.5	19.3	6.6	2.5	Ds_high
Mauvoisin	Lac_14	12	94.6	6	0.9	93.8	3.4	82.4	9.7	10.6	21.7	5.7	4.8	21	6.1	1.5	Ds_high
Mauvoisin	Lac_14	9	91.3	4	1.1	129.1	5	58.1	7.7	9.5	19.7	7.3	4.2	19.9	7.9	2.3	Ds_high
Mauvoisin	Lac_14	9	135.5	6	1.5	121	3.8	113.6	10.3	13.4	24.2	7.8	5.8	22.5	7	2	Ds_high
Mauvoisin	Lac_14	11	90.1	4	0.7	70.2	3.5	82.1	10.1	10.3	21.7	7.2	4.7	19.7	6.6	2	Ds_high
Mauvoisin	Lac_14	13	95.7	2	1.1	49.8	3.7	80.6	9.8	10.4	22.3	5.9	3.7	15.9	5.3	2	Ds_high
Mauvoisin	Lac_14	14	113.7	4	1	104.7	3.9	68.2	8.7	9.4	21.1	7.2	4.4	15.8	6.2	1.9	Ds_high
Mauvoisin	Lac_14	2	112.5	2	1.2	40	4	36.4	6.5	6.4	18.9	8.9	3.2	17.2	6.755555556	2.079545455	Ds_high
Mauvoisin	Lac_14	7	127	2	1	102	3.9	84.1	9.1	11.2	21.5	7.7	4.4	20.3	6.755555556	2.079545455	Ds_high
Mauvoisin	Lac_14	12	100.7	4	0.9	86.6	3.7	96.8	9.8	11.9	24	6.8	4.6	20.7	6.5	2.1	Ds_high
Mauvoisin	Lac_14	19	98.2	4	0.7	84	3.5	88.3	9.5	11.8	23.8	6	6	21.1	6.1	2.2	Ds_high
Mauvoisin	Lac_17	7	92.3	4	1.2	96.3	4.6	64.1	8.7	10.1	20.4	6.7	4.3	15.8	6.755555556	2.079545455	Ds_high
Mauvoisin	Lac_18	2	134.3	4	1.8	78	5.2	51.5	7.2	9.3	19.3	10.4	5.9	18.7	6.755555556	2.079545455	Ds_high
Mauvoisin	Lac_18	9	74.6	4	1.7	66.4	4.4	65.7	8.3	9.5	18.1	6.8	5.3	19	6.3	2.3	Ds_high
Mauvoisin	Lac_18	10	94.7	4	0.9	96.8	3.9	85.8	10.6	10.6	23.5	6.3	4.1	19.4	6.8	1.9	Ds_high
Mauvoisin	Lac_19	11	80	6	1.2	86.9	4.4	78.6	10.4	10	21.7	6.5	6.4	19	8.4	2.7	Ds_high
Mauvoisin	Lac_19	11	100.3	4	1	119.5	4.3	78.4	9.2	11.5	22	6.6	5.2	20.6	7.3	2	Ds_high
Mauvoisin	Lac_19	11	85.3	4	1.1	63.7	4.2	82.1	9.7	10.9	20	5.8	5.1	17.5	7.8	2.3	Ds_high
Mauvoisin	Lac_20	7	102	4	1	61.9	4.2	44.8	7.1	8.8	17.3	8.2	5.2	16.5	6.755555556	2.079545455	Ds_high
Mauvoisin	Lac_20	10	110.3	6	1.2	93.7	4.1	88.2	8.7	12.3	18.2	3.8	3.5	17.8	7.3	2.6	Ds_high
Mauvoisin	Lac_20	12	106.8	4	1.1	97.1	4.1	97.9	9.4	13.4	21.3	5.8	5	17.5	6.2	2.5	Ds_high
Mauvoisin	Lac_21	13	112.8	6	0.8	103.8	3.6	99.6	10.2	11.9	23.9	6.5	5.2	21.2	7.5	2	Ds_high
Mauvoisin	Lac_21	13	107.8	4	1.1	103.9	3.6	99	10.7	12.2	22.5	7.5	4.2	19.5	7.5	2.2	Ds_high
Mauvoisin	Lac_22	10	87.1	4	0.9	74.9	2.7	79.3	9.3	11.2	23.3	8.1	4.4	22	6.7	1.6	Ds_high
Mauvoisin	Lac_22	11	101.9	6	0.8	118.2	3.3	88.5	10.1	10.6	25.4	8.3	5.3	24.8	7.6	1.5	Ds_high
Mauvoisin	Lac_23	9	117.9	2	1.4	90.3	4.3	62.7	9.3	9	19.6	7.4	6.3	17.9	6.6	2.3	Ds_high
Mauvoisin	Lac_23	10	95.1	4	1	134.8	4.5	93	10.5	11.6	21	10.2	4.4	18.4	0.7	2.6	Ds_high
Mauvoisin	Lac_23	11	98.7	4	0.8	127.5	4.1	47.8	6.6	8.5	18.6	6.3	3.6	15.8	7.1	1.9	Ds_high
Mauvoisin	Lac_24	7	112	8	1.1	15.8	3.9	103	10.3	12.2	22.2	8.1	5.1	20.5	6.755555556	2.079545455	Ds_high
Mauvoisin	Lac_24	10	116.8	6	0.8	145.7	4	105.6	11.1	13	23.5	6.6	4.8	20.2	6.755555556	1.7	Ds_high
Mauvoisin	Lac_25	7	109.3	6	1.4	105.3	3.8	57.8	7.3	9.8	19.8	7.3	5.4	16.2	6.755555556	2.079545455	Ds_high
Mauvoisin	Lac_25	7	97.3	6	1.2	111	3.6	47.3	6.6	8.7	17.3	7.9	6.1	16.3	6.755555556	2.079545455	Ds_high
Mauvoisin	Lac_25	11	106.4	4	1.2	119.5	3.5	96.1	9.3	11.4	23.2	7.2	4.5	18.9	6.6	2.2	Ds_high
Mauvoisin	Lac_25	12	100.2	4	1	103.2	3.6	90.8	10	11.3	21.7	6.5	6.2	19.3	7.5	1.9	Ds_high
Mauvoisin	Lac_25	17	140.5	6	0.9	104.8	2.8	97.8	11.3	10.5	25.8	7	4.8	20.9	6.3	1.5	Ds_high
Mauvoisin	Lac_26	7	135.8	6	1.1	127.1	3.5	75.7	9.7	10	22.7	8	4	18.7	6.755555556	2.079545455	Ds_high
Mauvoisin	Lac_26	11	129.9	6	1.1	98	3.8	100	10.9	10.5	25.8	6.7	4.3	20.3	6.6	1.5	Ds_high
Mauvoisin	Lac_26	13	124.4	4	1.1	100.5	3.6	93.7	10.4	11.8	23.4	6.3	5	19.3	6.3	2.2	Ds_high
Mauvoisin	Lac_27	10	121.1	6	0.9	111.2	3.4	90.5	9.2	12.2	21.5	5.5	4.1	18.3	6.755555556	1.9	Ds_high
Mauvoisin	Lac_27	10	111.3	2	1.2	38.2	3.6	84.2	8.6	11.8	18.7	6.7	4.2	15.9	6	2.1	Ds_high
Mauvoisin	Lac_27	10	117.2	4	0.9	78.3	3.5	41.2	7.5	7.6	22.1	6.5	4.7	18.5	6.2	1.9	Ds_high
Mauvoisin	Lac_27	11	110.5	4	1.3	104.5	4.5	68.8	6.7	11.3	21.8	7.4	4.5	20	6.2	2.1	Ds_high
Mauvoisin	Lac_28	7	104.3	4	1.4	115.7	4.5	64.3	7.5	10	22.2	7.5	5.3	17.8	6.755555556	2.079545455	Ds_high
Mauvoisin	Lac_28	10	104.4	4	1.3	95.2	3.6	78.8	8.7	11.9	22.8	6.6	5.5	18.5	6.755555556	1.8	Ds_high
Mauvoisin	Lac_28	10	103.6	4	0.8	98.6	3.7	65.7	8.9	9.8	23.7	6.6	4.8	19.2	6.5	2.3	Ds_high
Mauvoisin	Lac_29	7	106.4	4	0.7	92.7	3.7	78.9	9.6	11.4	21.2	8.6	4.2	16.2	6.755555556	2.079545455	Ds_high
Mauvoisin	Lac_29	11	108	4	1.1	62.8	3.8	96.1	10.3	11.9	20.3	6.7	5.5	20.7	6.9	3	Ds_high
Mauvoisin	Lac_29	11	107.4	4	0.8	84.4	3.5	77.6	9.6	10.9	19.6	7.6	5.1	17.8	7.9	2.6	Ds_high
Mauvoisin	Lac_29	12	106.6	4	1	100.8	3.2	78.4	9.2	10.6	22.3	7.9	4.6	18.7	8.2	2	Ds_high
Mauvoisin	Lac_29	16	113	6	1.2	113.1	3.5	114.1	10.9	13.1	21.6	6.5	5.2	19.9	7	1.4	Ds_high
Mauvoisin	Lac_30	11	95.8	4	1.2	68	4.2	103	9.9	13.1	24.3	6.5	5.1	20.3	7.2	2.4	Ds_high
Mauvoisin	Lac_30	12	95	4	0.9	76.6	3.4	76.1	9.2	10.4	22	4.7	3.8	19.4	6.9	2.2	Ds_high
Mauvoisin	Lac_30	15	76.1	4	1	83.5	3.4	56.7	8	8.9	19.1	5.8	5.5	15.5	6.5	3	Ds_high
Mauvoisin	Lac_31	1	93.6	4	1.4	50.3	3.5	69	7.7	10.2	18.1	14	8.3	6.8	6.755555556	2.079545455	Ds_high
Mauvoisin	Lac_31	9	98.8	4	1.3	115.2	3.8	61.4	7.5	9.6	18.8	7.6	5.1	18.3	6.4	2	Ds_high
Mauvoisin	Lac_31	10	101.7	4	1.1	82.9	3.3	67.5	8.7	9.2	18.4	8.1	5.8	16.7	7	2.6	Ds_high
Mauvoisin	Lac_31	10	101.7	2	1.1	42.3	3.5	52.6	7.3	9.5	18.5	9.8	5	18.5	6.755555556	2	Ds_high
Mauvoisin	Lac_31	15	98.2	2	1.5	90.7	3.7	103.5	11.3	10.9	21.5	6.5	4.2	20.9	6.8	2.2	Ds_high
Mauvoisin	Lac_32	10	89.6	4	1	75.7	3.4	92.1	10.6	12.1	20.5	5.9	5	16	6.6	2.3	Ds_high
Mauvoisin	Lac_32	11	109.6	4	1.2	138.9	4.2	48.9	6.9	8.4	15.8	5	4.9	14.5	6.6	2.2	Ds_high
Mauvoisin	Lac_32	17	106.2	4	1.1	48	3.5	87.9	8.1	12.2	21	5.9	5.7	18.8	7.1	1.6	Ds_high
Mauvoisin	Lac_33	10	108.9	6	0.9	97.9	3.3	67.9	9.1	9.7	21.1	6.6	4.6	17.4	0.7	1.8	Ds_high
Mauvoisin	Lac_33	11	81.4	6	1.3	148.3	3.8	139	10.7	15.1	26	7	5.6	20.7	8.2	2.3	Ds_high
Mauvoisin	Lac_33	11	99.6	4	0.7	81.9	2	78.1	8.1	12.3	20.7	7.7	7	20.2	7.6	2.1	Ds_high
Mauvoisin	Lac_33	11	96	6	1	96.2	3.5	76.5	8.7	10.5	22.7	7.5	5.4	19.3	7	1.9	Ds_high
Mauvoisin	Lac_33	11	104.4	6	1.5	155.7	3.6	112	11.1	12.6	22.9	8.3	4.6	20	6.8	1.4	Ds_high
Mauvoisin	Lac_34	10	85.1	4	1.3	75.7	3.9	85	9.2	11.3	22.9	8.6	6.1	19.7	6.755555556	2.4	Ds_high
Mauvoisin	Lac_34	11	116.6	4	0.8	117.9	4	81.7	9.9	10.2	22.6	6.9	4.8	19.4	6.7	2	Ds_high
Mauvoisin	Lac_34	13	122.6	6	0.9	94.5	3.6	94.7	9.5	12	23.7	6.4	5.9	19.4	7.6	2	Ds_high
Mauvoisin	Lac_35	7	116.3	4	1.3	117.3	4.1	88.7	8.8	12.3	20.6	8.2	5.1	18.3	6.755555556	2.079545455	Ds_high
Mauvoisin	Lac_35	9	75	4	1.4	122.2	4.9	103	9.4	13.2	19.9	8.9	6.6	18.9	7.6	2.6	Ds_high
Mauvoisin	Lac_35	13	109.2	6	1.2	127.4	3.5	92.2	10.3	11.7	21.4	7	4.7	20.5	7.7	2	Ds_high
Mauvoisin	Lac_40	7	135.7	6	1.2	136.9	4.2	63.5	7.3	10.4	19.4	9	6.5	17.8	6.755555556	2.079545455	Ds_high
Mauvoisin	Lac_40	9	135.7	4	1.4	113.7	4.4	47.5	6.8	8.5	16.2	8.4	4.4	16.1	6.6	2.2	Ds_high
Mauvoisin	Lac_41	7	87.7	4	1.4	125.6	3.9	50.1	8.5	7.6	20.5	7.6	6	18.7	6.755555556	2.079545455	Ds_high
Mauvoisin	Lac_41	10	104.3	4	1	109.5	3.2	59.2	8.4	9.6	16	7.5	3.5	18.2	7.1	2	Ds_high
Mauvoisin	Lac_41	10	86	6	1	112.2	2.9	77.5	10.2	9.3	22.1	7.5	4.4	20.2	6.8	2.2	Ds_high
Mauvoisin	Lac_41	17	114.5	4	1	112.7	3.7	100.1	11.1	11.4	23.5	7	4.4	22.3	8.7	2	Ds_high